1600.500000 835.042053
1601.500000 873.647888
1602.500000 798.876648
1603.500000 794.612061
1604.500000 779.917542
1605.500000 768.679260
1606.500000 757.741821
1607.500000 748.983765
1608.500000 715.539490
1609.500000 721.802795
1610.500000 714.582703
1611.500000 704.447571
1612.500000 708.562317
1613.500000 702.251160
1614.500000 662.664185
1615.500000 636.665466
1616.500000 649.595520
1617.500000 636.804260
1618.500000 611.079285
1619.500000 591.711792
1620.500000 575.718140
1621.500000 583.229553
1622.500000 566.422119
1623.500000 535.865845
1624.500000 546.338379
1625.500000 545.885437
1626.500000 536.931030
1627.500000 513.015259
1628.500000 516.455933
1629.500000 538.921875
1630.500000 534.759155
1631.500000 528.800232
1632.500000 550.747314
1633.500000 517.141418
1634.500000 517.117371
1635.500000 504.060181
1636.500000 533.404907
1637.500000 527.369446
1638.500000 518.474854
1639.500000 513.604248
1640.500000 520.737061
1641.500000 503.984161
1642.500000 502.780731
1643.500000 484.053314
1644.500000 472.126678
1645.500000 468.912628
1646.500000 436.138428
1647.500000 423.824005
1648.500000 416.025757
1649.500000 418.101898
1650.500000 421.038269
1651.500000 420.042175
1652.500000 432.049042
1653.500000 421.637482
1654.500000 418.711731
1655.500000 434.649689
1656.500000 438.508972
1657.500000 443.502197
1658.500000 427.807800
1659.500000 435.031708
1660.500000 418.157104
1661.500000 413.887451
1662.500000 420.805756
1663.500000 413.128357
1664.500000 409.951843
1665.500000 403.945740
1666.500000 392.659637
1667.500000 385.720612
1668.500000 384.505798
1669.500000 376.773560
1670.500000 368.909637
1671.500000 356.102997
1672.500000 361.055115
1673.500000 353.226959
1674.500000 343.822021
1675.500000 337.958191
1676.500000 324.542419
1677.500000 349.499451
1678.500000 351.613007
1679.500000 364.782593
1680.500000 366.970764
1681.500000 370.287262
1682.500000 376.412048
1683.500000 368.670258
1684.500000 373.813171
1685.500000 383.840515
1686.500000 384.639343
1687.500000 385.453156
1688.500000 381.011688
1689.500000 390.280212
1690.500000 372.860962
1691.500000 356.934113
1692.500000 356.256683
1693.500000 338.620453
1694.500000 338.724060
1695.500000 361.667480
1696.500000 363.399963
1697.500000 367.035950
1698.500000 386.483276
1699.500000 433.402893
1700.500000 442.188843
1701.500000 456.782532
1702.500000 543.753174
1703.500000 645.602478
1704.500000 1032.664307
1705.500000 856.561340
1706.500000 1220.849731
1707.500000 480.990875
1708.500000 374.903961
1709.500000 333.628448
1710.500000 308.442230
1711.500000 279.752258
1712.500000 272.073364
1713.500000 285.130859
1714.500000 296.580658
1715.500000 286.315613
1716.500000 281.814789
1717.500000 275.594879
1718.500000 279.842468
1719.500000 286.344025
1720.500000 283.819916
1721.500000 281.628479
1722.500000 289.482208
1723.500000 285.319214
1724.500000 283.534027
1725.500000 297.423889
1726.500000 298.932190
1727.500000 310.146790
1728.500000 318.130951
1729.500000 332.225616
1730.500000 330.804596
1731.500000 328.816345
1732.500000 334.941284
1733.500000 335.000885
1734.500000 344.814209
1735.500000 369.306671
1736.500000 350.211609
1737.500000 317.524567
1738.500000 307.723694
1739.500000 319.187592
1740.500000 366.520203
1741.500000 481.248108
1742.500000 649.590576
1743.500000 760.448303
1744.500000 614.670227
1745.500000 321.331299
1746.500000 296.090759
1747.500000 299.342712
1748.500000 300.860779
1749.500000 297.645782
1750.500000 304.647308
1751.500000 307.279877
1752.500000 299.767059
1753.500000 354.563873
1754.500000 373.670135
1755.500000 380.705048
1756.500000 422.485992
1757.500000 369.232483
1758.500000 349.865387
1759.500000 310.026031
1760.500000 279.566559
1761.500000 300.656586
1762.500000 315.629333
1763.500000 319.728668
1764.500000 309.381104
1765.500000 302.946899
1766.500000 286.956787
1767.500000 272.308289
1768.500000 268.251709
1769.500000 266.559814
1770.500000 257.924103
1771.500000 274.695892
1772.500000 272.436951
1773.500000 275.484711
1774.500000 292.844879
1775.500000 300.818756
1776.500000 317.926758
1777.500000 325.798004
1778.500000 332.708557
1779.500000 320.147858
1780.500000 311.684021
1781.500000 304.872070
1782.500000 306.731110
1783.500000 298.431274
1784.500000 294.241211
1785.500000 282.742035
1786.500000 267.239075
1787.500000 261.986786
1788.500000 269.537262
1789.500000 260.974182
1790.500000 248.421783
1791.500000 227.569809
1792.500000 226.186584
1793.500000 237.900284
1794.500000 245.857544
1795.500000 251.005905
1796.500000 254.460251
1797.500000 262.857574
1798.500000 262.706177
1799.500000 262.069183
1800.500000 279.718384
1801.500000 296.786499
1802.500000 299.690491
1803.500000 286.511963
1804.500000 277.005859
1805.500000 285.823364
1806.500000 295.282074
1807.500000 292.692413
1808.500000 283.582611
1809.500000 276.617065
1810.500000 270.050232
1811.500000 268.482025
1812.500000 275.209412
1813.500000 274.380585
1814.500000 251.452347
1815.500000 225.965927
1816.500000 204.820480
1817.500000 219.649261
1818.500000 227.261658
1819.500000 216.963913
1820.500000 229.134201
1821.500000 224.372757
1822.500000 225.615479
1823.500000 218.791336
1824.500000 207.291321
1825.500000 188.448257
1826.500000 186.303162
1827.500000 192.455521
1828.500000 197.012589
1829.500000 179.603424
1830.500000 184.012253
1831.500000 182.847839
1832.500000 173.536438
1833.500000 182.000519
1834.500000 175.612839
1835.500000 171.646301
1836.500000 170.867523
1837.500000 170.281982
1838.500000 174.077744
1839.500000 186.802444
1840.500000 196.241394
1841.500000 200.494659
1842.500000 204.715225
1843.500000 203.047668
1844.500000 208.441284
1845.500000 196.229156
1846.500000 197.464920
1847.500000 195.836411
1848.500000 195.589920
1849.500000 189.245987
1850.500000 188.418869
1851.500000 177.279709
1852.500000 181.896072
1853.500000 189.506729
1854.500000 193.697037
1855.500000 187.750473
1856.500000 183.203064
1857.500000 192.886429
1858.500000 189.730301
1859.500000 201.927307
1860.500000 207.062958
1861.500000 200.171005
1862.500000 202.439346
1863.500000 212.272751
1864.500000 217.723511
1865.500000 223.393417
1866.500000 218.771683
1867.500000 208.217148
1868.500000 212.882843
1869.500000 214.249481
1870.500000 215.812897
1871.500000 227.241302
1872.500000 227.274948
1873.500000 223.123703
1874.500000 212.012375
1875.500000 216.466599
1876.500000 209.729568
1877.500000 213.779160
1878.500000 216.103104
1879.500000 208.121140
1880.500000 200.167023
1881.500000 191.661957
1882.500000 187.893188
1883.500000 188.617249
1884.500000 188.691513
1885.500000 194.241348
1886.500000 188.301468
1887.500000 194.537888
1888.500000 187.639282
1889.500000 194.713730
1890.500000 194.292145
1891.500000 202.019867
1892.500000 176.961594
1893.500000 167.691925
1894.500000 158.543991
1895.500000 155.698563
1896.500000 163.534012
1897.500000 139.193192
1898.500000 137.820602
1899.500000 152.980423
1900.500000 143.117920
1901.500000 137.131775
1902.500000 137.960526
1903.500000 134.648773
1904.500000 137.746262
1905.500000 150.158752
1906.500000 149.169159
1907.500000 148.735291
1908.500000 143.096970
1909.500000 135.783234
1910.500000 137.407883
1911.500000 138.734207
1912.500000 132.754974
1913.500000 132.485580
1914.500000 130.247818
1915.500000 132.547287
1916.500000 133.918564
1917.500000 156.936035
1918.500000 145.240448
1919.500000 123.458824
1920.500000 120.781868
1921.500000 122.910271
1922.500000 124.558571
1923.500000 128.507599
1924.500000 124.250999
1925.500000 121.635834
1926.500000 131.653290
1927.500000 129.191757
1928.500000 137.297623
1929.500000 132.849182
1930.500000 135.731171
1931.500000 135.152023
1932.500000 139.716446
1933.500000 137.355804
1934.500000 137.884003
1935.500000 136.629883
1936.500000 146.791962
1937.500000 143.812866
1938.500000 147.137497
1939.500000 141.745331
1940.500000 142.202087
1941.500000 141.292786
1942.500000 139.746445
1943.500000 143.372955
1944.500000 145.485870
1945.500000 149.915512
1946.500000 144.939453
1947.500000 154.079941
1948.500000 161.205902
1949.500000 135.982544
1950.500000 142.630264
1951.500000 131.852066
1952.500000 127.591118
1953.500000 131.665894
1954.500000 121.959984
1955.500000 123.740013
1956.500000 127.218895
1957.500000 120.600014
1958.500000 121.017944
1959.500000 120.833443
1960.500000 112.375954
1961.500000 114.167938
1962.500000 116.160942
1963.500000 118.109039
1964.500000 117.848259
1965.500000 122.496742
1966.500000 126.038109
1967.500000 131.581955
1968.500000 126.700157
1969.500000 131.251236
1970.500000 134.612915
1971.500000 131.704514
1972.500000 126.623940
1973.500000 125.871567
1974.500000 121.749435
1975.500000 120.559738
1976.500000 116.539642
1977.500000 117.681725
1978.500000 123.835121
1979.500000 123.250458
1980.500000 121.646767
1981.500000 121.664207
1982.500000 118.252655
1983.500000 117.983345
1984.500000 117.049385
1985.500000 115.649155
1986.500000 114.777946
1987.500000 116.566414
1988.500000 114.915665
1989.500000 123.089767
1990.500000 115.738518
1991.500000 112.789459
1992.500000 113.766701
1993.500000 116.848717
1994.500000 118.984161
1995.500000 123.735947
1996.500000 135.622238
1997.500000 129.599380
1998.500000 121.758179
1999.500000 134.376038
2000.500000 130.681976
2001.500000 127.085159
2002.500000 127.400284
2003.500000 130.751266
2004.500000 127.447098
2005.500000 121.081596
2006.500000 121.309448
2007.500000 123.939148
2008.500000 128.686707
2009.500000 125.389946
2010.500000 129.643173
2011.500000 131.225159
2012.500000 127.020348
2013.500000 129.256195
2014.500000 136.046204
2015.500000 122.525116
2016.500000 119.100410
2017.500000 124.197166
2018.500000 116.857430
2019.500000 121.546898
2020.500000 117.214401
2021.500000 115.325150
2022.500000 112.319061
2023.500000 111.760971
2024.500000 108.021782
2025.500000 112.667419
2026.500000 113.481171
2027.500000 111.466911
2028.500000 112.000839
2029.500000 127.470436
2030.500000 124.645988
2031.500000 120.641693
2032.500000 121.655083
2033.500000 125.433960
2034.500000 127.038757
2035.500000 137.842346
2036.500000 147.747681
2037.500000 128.419128
2038.500000 121.237221
2039.500000 121.227600
2040.500000 117.639755
2041.500000 116.627068
2042.500000 118.065880
2043.500000 115.712051
2044.500000 120.948593
2045.500000 119.485558
2046.500000 123.619919
2047.500000 122.601913
2048.500000 126.321236
2049.500000 133.621429
2050.500000 137.230118
2051.500000 142.913208
2052.500000 140.164291
2053.500000 134.726395
2054.500000 137.529251
2055.500000 138.575562
2056.500000 142.804688
2057.500000 141.968262
2058.500000 140.833054
2059.500000 143.754379
2060.500000 139.865845
2061.500000 140.355606
2062.500000 145.920456
2063.500000 139.860504
2064.500000 141.263931
2065.500000 147.150040
2066.500000 141.540848
2067.500000 136.012512
2068.500000 129.054184
2069.500000 129.485733
2070.500000 139.957764
2071.500000 134.625854
2072.500000 127.015327
2073.500000 126.298943
2074.500000 128.803894
2075.500000 127.827278
2076.500000 129.589890
2077.500000 133.950729
2078.500000 130.824951
2079.500000 128.278580
2080.500000 126.817650
2081.500000 136.753769
2082.500000 134.815247
2083.500000 137.730408
2084.500000 143.131439
2085.500000 144.155258
2086.500000 145.374390
2087.500000 149.741882
2088.500000 162.036148
2089.500000 152.684616
2090.500000 193.369080
2091.500000 165.234207
2092.500000 150.996201
2093.500000 151.230301
2094.500000 146.915817
2095.500000 150.561188
2096.500000 154.518890
2097.500000 143.098328
2098.500000 132.242462
2099.500000 136.027283
2100.500000 135.498978
2101.500000 135.515335
2102.500000 136.989670
2103.500000 141.208908
2104.500000 149.013519
2105.500000 160.393890
2106.500000 134.326035
2107.500000 135.158081
2108.500000 138.172684
2109.500000 139.174713
2110.500000 146.369217
2111.500000 157.411285
2112.500000 173.091156
2113.500000 160.217712
2114.500000 171.108521
2115.500000 166.362366
2116.500000 156.862350
2117.500000 153.238434
2118.500000 164.424683
2119.500000 166.475800
2120.500000 165.099625
2121.500000 176.181442
2122.500000 202.555283
2123.500000 203.713669
2124.500000 177.884659
2125.500000 156.466141
2126.500000 149.813965
2127.500000 145.243744
2128.500000 143.799408
2129.500000 140.404587
2130.500000 133.045425
2131.500000 136.316559
2132.500000 134.007385
2133.500000 131.094238
2134.500000 127.299271
2135.500000 136.722900
2136.500000 134.911179
2137.500000 144.431564
2138.500000 147.042831
2139.500000 147.117508
2140.500000 145.240372
2141.500000 154.988281
2142.500000 141.559677
2143.500000 146.317657
2144.500000 144.156372
2145.500000 144.410065
2146.500000 137.613388
2147.500000 133.022369
2148.500000 132.738861
2149.500000 131.073883
2150.500000 134.112930
2151.500000 141.157410
2152.500000 129.556274
2153.500000 131.494904
2154.500000 136.947952
2155.500000 136.805313
2156.500000 137.976227
2157.500000 147.081879
2158.500000 156.413101
2159.500000 141.070923
2160.500000 143.334259
2161.500000 141.440430
2162.500000 146.903534
2163.500000 150.402542
2164.500000 197.731873
2165.500000 159.323944
2166.500000 154.135315
2167.500000 156.581894
2168.500000 163.298874
2169.500000 160.911880
2170.500000 147.324966
2171.500000 152.708786
2172.500000 165.117508
2173.500000 173.120285
2174.500000 182.970642
2175.500000 172.051620
2176.500000 166.412796
2177.500000 173.855713
2178.500000 174.927124
2179.500000 178.625732
2180.500000 163.111618
2181.500000 162.428040
2182.500000 152.073792
2183.500000 153.377136
2184.500000 152.126740
2185.500000 154.022141
2186.500000 153.940765
2187.500000 157.112091
2188.500000 159.912659
2189.500000 173.196732
2190.500000 173.480759
2191.500000 170.911469
2192.500000 165.709076
2193.500000 157.906693
2194.500000 148.436462
2195.500000 136.682022
2196.500000 131.250458
2197.500000 127.964409
2198.500000 131.097031
2199.500000 135.267807
2200.500000 122.528397
2201.500000 125.691223
2202.500000 120.040237
2203.500000 127.190392
2204.500000 117.669724
2205.500000 119.210564
2206.500000 120.246895
2207.500000 126.521484
2208.500000 133.165329
2209.500000 129.951065
2210.500000 142.953140
2211.500000 155.008850
2212.500000 152.635666
2213.500000 160.061615
2214.500000 146.793472
2215.500000 144.217239
2216.500000 145.901413
2217.500000 139.774429
2218.500000 138.798203
2219.500000 145.902939
2220.500000 138.790512
2221.500000 143.849731
2222.500000 146.273743
2223.500000 152.095566
2224.500000 146.636032
2225.500000 145.289001
2226.500000 159.149612
2227.500000 139.540497
2228.500000 132.408768
2229.500000 129.162735
2230.500000 119.999268
2231.500000 117.130707
2232.500000 118.067451
2233.500000 124.518486
2234.500000 118.460640
2235.500000 112.858398
2236.500000 113.834557
2237.500000 112.195763
2238.500000 120.281067
2239.500000 131.317902
2240.500000 133.834000
2241.500000 128.580536
2242.500000 127.029480
2243.500000 135.805588
2244.500000 133.211426
2245.500000 122.516899
2246.500000 120.052002
2247.500000 115.245888
2248.500000 117.417084
2249.500000 115.964485
2250.500000 119.379410
2251.500000 124.003212
2252.500000 127.093689
2253.500000 141.709320
2254.500000 157.882141
2255.500000 148.362625
2256.500000 153.441452
2257.500000 163.232635
2258.500000 147.855835
2259.500000 142.115280
2260.500000 149.005310
2261.500000 143.864105
2262.500000 147.529373
2263.500000 149.396805
2264.500000 127.516495
2265.500000 130.938782
2266.500000 132.582184
2267.500000 125.252892
2268.500000 127.108429
2269.500000 127.693642
2270.500000 130.443558
2271.500000 164.034698
2272.500000 137.110458
2273.500000 139.269455
2274.500000 139.561630
2275.500000 142.089066
2276.500000 147.661148
2277.500000 150.887924
2278.500000 149.655640
2279.500000 141.504898
2280.500000 133.629272
2281.500000 129.508194
2282.500000 126.728210
2283.500000 125.803658
2284.500000 124.339424
2285.500000 125.778374
2286.500000 130.800339
2287.500000 134.773422
2288.500000 148.935684
2289.500000 156.637650
2290.500000 172.092850
2291.500000 184.051270
2292.500000 188.128021
2293.500000 210.506760
2294.500000 217.598373
2295.500000 164.906479
2296.500000 176.948135
2297.500000 163.997986
2298.500000 166.973679
2299.500000 165.907043
2300.500000 158.711441
2301.500000 147.763184
2302.500000 148.688416
2303.500000 142.888702
2304.500000 136.625290
2305.500000 138.119492
2306.500000 137.298019
2307.500000 136.805023
2308.500000 145.091461
2309.500000 146.074844
2310.500000 155.134064
2311.500000 166.509048
2312.500000 173.683334
2313.500000 165.346405
2314.500000 166.114380
2315.500000 162.718552
2316.500000 169.686035
2317.500000 165.702759
2318.500000 166.672928
2319.500000 169.943878
2320.500000 165.731995
2321.500000 168.232468
2322.500000 179.152710
2323.500000 201.033356
2324.500000 223.814224
2325.500000 302.667358
2326.500000 230.076843
2327.500000 197.145203
2328.500000 203.307465
2329.500000 214.052353
2330.500000 220.223129
2331.500000 212.599075
2332.500000 225.239120
2333.500000 215.207977
2334.500000 209.293625
2335.500000 207.949554
2336.500000 213.196869
2337.500000 202.498795
2338.500000 201.592560
2339.500000 197.579437
2340.500000 191.563217
2341.500000 182.090103
2342.500000 179.887909
2343.500000 185.817917
2344.500000 196.492599
2345.500000 211.309006
2346.500000 213.382584
2347.500000 226.207809
2348.500000 245.671356
2349.500000 272.194275
2350.500000 231.328156
2351.500000 236.852081
2352.500000 244.312347
2353.500000 256.837677
2354.500000 222.865692
2355.500000 219.019821
2356.500000 216.579559
2357.500000 216.393265
2358.500000 232.479889
2359.500000 242.488052
2360.500000 233.133133
2361.500000 248.850937
2362.500000 265.367126
2363.500000 266.420898
2364.500000 277.407379
2365.500000 292.661255
2366.500000 299.392792
2367.500000 319.130463
2368.500000 330.762421
2369.500000 327.945160
2370.500000 302.252136
2371.500000 302.097992
2372.500000 298.041840
2373.500000 278.540405
2374.500000 277.700806
2375.500000 280.409149
2376.500000 272.954163
2377.500000 267.481415
2378.500000 282.568604
2379.500000 282.844116
2380.500000 278.713501
2381.500000 295.631348
2382.500000 306.936768
2383.500000 295.888916
2384.500000 291.909760
2385.500000 289.655182
2386.500000 293.209351
2387.500000 277.214874
2388.500000 273.238892
2389.500000 268.340637
2390.500000 259.622070
2391.500000 263.468201
2392.500000 277.908264
2393.500000 278.910095
2394.500000 304.376099
2395.500000 355.889496
2396.500000 364.872314
2397.500000 392.244659
2398.500000 377.167847
2399.500000 390.406342
2400.500000 407.924988
2401.500000 389.004211
2402.500000 380.577332
2403.500000 385.293213
2404.500000 406.811249
2405.500000 407.620819
2406.500000 419.551727
2407.500000 411.322723
2408.500000 412.137054
2409.500000 422.725922
2410.500000 414.962769
2411.500000 445.790009
2412.500000 433.111847
2413.500000 423.991180
2414.500000 416.165588
2415.500000 378.477936
2416.500000 409.949036
2417.500000 437.797302
2418.500000 460.090759
2419.500000 494.404755
2420.500000 531.730774
2421.500000 557.806335
2422.500000 526.989075
2423.500000 574.901001
2424.500000 670.264587
2425.500000 711.758545
2426.500000 752.630798
2427.500000 575.451538
2428.500000 520.071228
2429.500000 534.748047
2430.500000 557.732605
2431.500000 574.408264
2432.500000 582.729309
2433.500000 542.845032
2434.500000 533.008057
2435.500000 571.269592
2436.500000 601.822632
2437.500000 631.756042
2438.500000 573.650635
2439.500000 592.728821
2440.500000 595.076843
2441.500000 666.961304
2442.500000 590.057251
2443.500000 628.180847
2444.500000 615.833252
2445.500000 593.485046
2446.500000 637.729187
2447.500000 631.191284
2448.500000 605.271851
2449.500000 634.583435
2450.500000 655.273254
2451.500000 568.087830
2452.500000 530.344666
2453.500000 508.991547
2454.500000 504.799835
2455.500000 515.514038
2456.500000 527.966003
2457.500000 526.500427
2458.500000 585.004883
2459.500000 626.845276
2460.500000 718.896912
2461.500000 656.374573
2462.500000 661.299988
2463.500000 647.274353
2464.500000 585.619202
2465.500000 621.031433
2466.500000 657.789673
2467.500000 618.038757
2468.500000 601.716309
2469.500000 664.553101
2470.500000 580.489563
2471.500000 572.688049
2472.500000 604.621094
2473.500000 607.747986
2474.500000 638.357727
2475.500000 650.025452
2476.500000 703.474121
2477.500000 703.746704
2478.500000 711.853699
2479.500000 690.708496
2480.500000 653.855835
2481.500000 607.755249
2482.500000 666.588318
2483.500000 700.626282
2484.500000 657.187866
2485.500000 662.858398
2486.500000 676.597656
2487.500000 691.217957
2488.500000 834.203125
2489.500000 1066.090210
2490.500000 1032.120117
2491.500000 700.267883
2492.500000 592.603210
2493.500000 587.093384
2494.500000 651.572205
2495.500000 688.435364
2496.500000 688.555786
2497.500000 706.962280
2498.500000 674.603210
2499.500000 674.944214
2500.500000 639.832825
2501.500000 634.804260
2502.500000 601.343872
2503.500000 672.659729
2504.500000 578.136475
2505.500000 513.396179
2506.500000 506.002014
2507.500000 498.210693
2508.500000 475.312347
2509.500000 503.785065
2510.500000 542.498718
2511.500000 566.245361
2512.500000 626.405212
2513.500000 624.277283
2514.500000 658.331787
2515.500000 709.605652
2516.500000 705.422485
2517.500000 809.129150
2518.500000 672.058167
2519.500000 678.189026
2520.500000 639.803040
2521.500000 574.281677
2522.500000 616.079407
2523.500000 603.881348
2524.500000 637.882080
2525.500000 635.092896
2526.500000 638.054993
2527.500000 606.828674
2528.500000 589.065247
2529.500000 596.155396
2530.500000 559.874146
2531.500000 563.702332
2532.500000 594.114685
2533.500000 581.255371
2534.500000 543.640198
2535.500000 573.397217
2536.500000 595.204895
2537.500000 645.703247
2538.500000 635.942444
2539.500000 660.676331
2540.500000 648.644531
2541.500000 675.997986
2542.500000 660.192322
2543.500000 618.176147
2544.500000 655.516418
2545.500000 592.148804
2546.500000 640.282227
2547.500000 614.540588
2548.500000 598.206177
2549.500000 579.753784
2550.500000 639.295532
2551.500000 722.309509
2552.500000 726.877075
2553.500000 781.858215
2554.500000 784.628479
2555.500000 778.454773
2556.500000 781.179688
2557.500000 731.853821
2558.500000 699.975708
2559.500000 709.281555
2560.500000 691.429626
2561.500000 684.881714
2562.500000 650.472534
2563.500000 634.548950
2564.500000 564.180725
2565.500000 504.681702
2566.500000 557.629761
2567.500000 509.685211
2568.500000 163.446030
2569.500000 613.265381
2570.500000 601.757629
2571.500000 591.642761
2572.500000 581.825989
2573.500000 609.957275
2574.500000 582.858521
2575.500000 671.996765
2576.500000 607.515930
2577.500000 548.656616
2578.500000 530.522034
2579.500000 537.381348
2580.500000 534.101135
2581.500000 481.678314
2582.500000 483.781830
2583.500000 454.666779
2584.500000 483.839233
2585.500000 486.652130
2586.500000 457.015564
2587.500000 596.173645
2588.500000 507.355560
2589.500000 500.883636
2590.500000 514.452271
2591.500000 554.866943
2592.500000 499.171692
2593.500000 494.603241
2594.500000 451.855560
2595.500000 455.979645
2596.500000 455.422424
2597.500000 490.588196
2598.500000 565.715332
2599.500000 560.852539
2600.500000 543.589417
2601.500000 520.078369
2602.500000 537.065308
2603.500000 473.953644
2604.500000 437.909637
2605.500000 391.008240
2606.500000 376.840881
2607.500000 361.864166
2608.500000 364.549347
2609.500000 400.262573
2610.500000 460.183197
2611.500000 435.720520
2612.500000 502.634155
2613.500000 599.748718
2614.500000 619.771729
2615.500000 722.680542
2616.500000 684.394592
2617.500000 723.557800
2618.500000 631.985657
2619.500000 529.289490
2620.500000 552.502808
2621.500000 616.207642
2622.500000 715.639404
2623.500000 550.379089
2624.500000 521.913025
2625.500000 501.789276
2626.500000 537.809753
2627.500000 519.143066
2628.500000 503.534149
2629.500000 572.949341
2630.500000 596.188416
2631.500000 599.550415
2632.500000 613.592896
2633.500000 641.878601
2634.500000 621.898376
2635.500000 589.316406
2636.500000 597.512878
2637.500000 661.272644
2638.500000 582.290527
2639.500000 603.905701
2640.500000 621.121277
2641.500000 568.290771
2642.500000 551.080872
2643.500000 516.021851
2644.500000 554.157410
2645.500000 540.263733
2646.500000 504.658295
2647.500000 505.500061
2648.500000 489.995667
2649.500000 509.716675
2650.500000 534.422791
2651.500000 587.406372
2652.500000 631.412231
2653.500000 592.646484
2654.500000 670.663086
2655.500000 754.080750
2656.500000 829.384033
2657.500000 690.290955
2658.500000 577.774353
2659.500000 577.480408
2660.500000 602.552429
2661.500000 580.051331
2662.500000 582.396545
2663.500000 587.831848
2664.500000 566.991882
2665.500000 602.060120
2666.500000 594.791870
2667.500000 629.249390
2668.500000 673.156128
2669.500000 640.466858
2670.500000 636.386963
2671.500000 634.547852
2672.500000 712.447937
2673.500000 671.738403
2674.500000 701.211914
2675.500000 757.506470
2676.500000 748.875244
2677.500000 784.152771
2678.500000 792.782043
2679.500000 809.958313
2680.500000 782.302612
2681.500000 741.165039
2682.500000 740.885193
2683.500000 764.810181
2684.500000 615.503662
2685.500000 567.719604
2686.500000 570.643433
2687.500000 557.386658
2688.500000 546.136963
2689.500000 519.259460
2690.500000 403.598602
2691.500000 300.534302
2692.500000 546.454956
2693.500000 562.732544
2694.500000 531.642639
2695.500000 533.681946
2696.500000 575.437683
2697.500000 637.160767
2698.500000 587.457214
2699.500000 525.829773
2700.500000 526.454163
2701.500000 479.182068
2702.500000 495.442169
2703.500000 509.339233
2704.500000 505.450195
2705.500000 501.396851
2706.500000 518.146362
2707.500000 611.727173
2708.500000 522.629333
2709.500000 548.254517
2710.500000 554.120911
2711.500000 516.205811
2712.500000 531.356812
2713.500000 498.428131
2714.500000 520.495056
2715.500000 506.533722
2716.500000 563.910583
2717.500000 538.874390
2718.500000 513.212036
2719.500000 503.571411
2720.500000 526.080322
2721.500000 542.704956
2722.500000 538.047363
2723.500000 487.604401
2724.500000 462.040466
2725.500000 508.829559
2726.500000 479.803619
2727.500000 399.647186
2728.500000 371.029968
2729.500000 371.799805
2730.500000 354.168457
2731.500000 376.368286
2732.500000 372.145874
2733.500000 356.043549
2734.500000 341.775726
2735.500000 333.179504
2736.500000 339.097656
2737.500000 353.603210
2738.500000 368.948730
2739.500000 431.980286
2740.500000 406.531830
2741.500000 518.437500
2742.500000 339.345245
2743.500000 319.733063
2744.500000 295.416595
2745.500000 285.845856
2746.500000 328.623901
2747.500000 318.331940
2748.500000 323.394867
2749.500000 326.746277
2750.500000 305.606964
2751.500000 332.181946
2752.500000 339.463745
2753.500000 358.882172
2754.500000 382.438202
2755.500000 418.040680
2756.500000 449.412994
2757.500000 439.372986
2758.500000 475.073792
2759.500000 352.115326
2760.500000 349.622772
2761.500000 351.578491
2762.500000 356.456879
2763.500000 375.233673
2764.500000 385.156006
2765.500000 423.838745
2766.500000 525.118896
2767.500000 505.557587
2768.500000 378.334045
2769.500000 372.710724
2770.500000 410.469574
2771.500000 400.764862
2772.500000 439.679749
2773.500000 397.916412
2774.500000 437.014679
2775.500000 343.349518
2776.500000 318.345428
2777.500000 312.304260
2778.500000 396.883148
2779.500000 295.571442
2780.500000 290.174622
2781.500000 291.862701
2782.500000 296.617889
2783.500000 332.297424
2784.500000 330.736969
2785.500000 305.142853
2786.500000 307.239288
2787.500000 282.086304
2788.500000 286.397125
2789.500000 284.392731
2790.500000 285.990967
2791.500000 296.088531
2792.500000 271.327728
2793.500000 256.143707
2794.500000 352.801025
2795.500000 282.451263
2796.500000 260.383240
2797.500000 280.490509
2798.500000 294.596558
2799.500000 293.467865
2800.500000 313.158936
2801.500000 310.808838
2802.500000 343.275696
2803.500000 368.215363
2804.500000 423.159698
2805.500000 354.686096
2806.500000 367.537537
2807.500000 394.357239
2808.500000 458.517975
2809.500000 369.705963
2810.500000 344.750336
2811.500000 352.012543
2812.500000 368.484680
2813.500000 340.797974
2814.500000 370.346954
2815.500000 376.695740
2816.500000 407.004791
2817.500000 437.334991
2818.500000 506.031403
2819.500000 585.912781
2820.500000 502.043121
2821.500000 553.807129
2822.500000 440.872223
2823.500000 411.466156
2824.500000 398.792084
2825.500000 482.622833
2826.500000 444.825958
2827.500000 404.012085
2828.500000 365.705444
2829.500000 385.353912
2830.500000 441.495880
2831.500000 384.832123
2832.500000 345.224487
2833.500000 350.710114
2834.500000 360.130402
2835.500000 362.657501
2836.500000 396.201843
2837.500000 458.057587
2838.500000 388.835388
2839.500000 354.908691
2840.500000 375.857941
2841.500000 460.169403
2842.500000 384.542358
2843.500000 358.676697
2844.500000 377.131042
2845.500000 363.699982
2846.500000 364.956848
2847.500000 353.335144
2848.500000 331.462952
2849.500000 412.408844
2850.500000 386.676971
2851.500000 424.449371
2852.500000 374.765564
2853.500000 380.066864
2854.500000 392.086578
2855.500000 355.011719
2856.500000 477.422028
2857.500000 312.835815
2858.500000 302.253571
2859.500000 291.431671
2860.500000 287.292969
2861.500000 291.355225
2862.500000 299.298370
2863.500000 293.381104
2864.500000 265.969330
2865.500000 270.015259
2866.500000 269.389557
2867.500000 287.617737
2868.500000 304.266571
2869.500000 328.657990
2870.500000 300.447632
2871.500000 230.862061
2872.500000 290.698517
2873.500000 244.342392
2874.500000 260.561035
2875.500000 234.087677
2876.500000 258.601959
2877.500000 285.809387
2878.500000 356.128784
2879.500000 225.601288
2880.500000 234.900711
2881.500000 227.703903
2882.500000 227.063660
2883.500000 236.990387
2884.500000 245.886490
2885.500000 337.135010
2886.500000 237.121338
2887.500000 249.450760
2888.500000 274.245544
2889.500000 276.694366
2890.500000 357.227173
2891.500000 264.455780
2892.500000 267.281158
2893.500000 224.911560
2894.500000 220.880386
2895.500000 222.476654
2896.500000 218.670685
2897.500000 242.379715
2898.500000 279.255707
2899.500000 232.743637
