0.000010 174803.437423
0.034492 52.390393
0.068975 26.638286
0.103457 17.479093
0.137940 8.045583
0.172422 7.616160
0.206904 8.818945
0.241387 6.524571
0.275869 4.943852
0.310352 3.831417
0.344834 5.398642
0.379317 4.360975
0.413799 3.604656
0.448281 2.776147
0.482764 3.835006
0.517246 2.053822
0.551729 2.297556
0.586211 2.782237
0.620693 1.641517
0.655176 2.186741
0.689658 2.340013
0.724141 1.853465
0.758623 1.936751
0.793106 2.104617
0.827588 1.561143
0.862070 2.221167
0.896553 1.674483
0.931035 1.986531
0.965518 1.327518
1.000000 1.865144
