0.010000 0.969789
0.010018 0.277822
0.010037 0.307978
0.010055 0.968017
0.010074 0.083235
0.010093 0.524176
0.010111 0.883108
0.010130 0.022963
0.010148 0.622368
0.010167 0.843415
0.010186 0.017596
0.010205 0.601781
0.010224 0.884372
0.010242 0.054110
0.010261 0.461348
0.010280 0.968843
0.010299 0.194343
0.010318 0.217742
0.010337 0.969567
0.010356 0.511731
0.010375 0.010895
0.010394 0.700584
0.010414 0.901038
0.010433 0.148098
0.010452 0.192979
0.010471 0.919419
0.010491 0.717429
0.010510 0.040199
0.010529 0.314790
0.010549 0.958515
0.010568 0.683911
0.010588 0.046268
0.010607 0.254730
0.010627 0.903415
0.010646 0.826734
0.010666 0.180083
0.010686 0.064240
0.010705 0.648694
0.010725 0.989939
0.010745 0.578088
0.010765 0.048246
0.010785 0.158405
0.010805 0.730599
0.010824 0.987036
0.010844 0.614533
0.010864 0.100200
0.010884 0.059113
0.010905 0.514444
0.010925 0.943784
0.010945 0.899182
0.010965 0.451422
0.010985 0.052987
0.011005 0.066289
0.011026 0.454657
0.011046 0.870528
0.011066 0.981856
0.011087 0.725076
0.011107 0.309767
0.011128 0.029316
0.011148 0.053821
0.011169 0.344893
0.011189 0.714778
0.011210 0.957933
0.011231 0.962402
0.011251 0.747339
0.011272 0.428217
0.011293 0.146715
0.011314 0.007114
0.011335 0.044346
0.011356 0.226968
0.011377 0.483066
0.011398 0.732460
0.011419 0.912195
0.011440 0.989332
0.011461 0.961435
0.011482 0.848877
0.011503 0.683941
0.011524 0.500692
0.011545 0.327829
0.011567 0.185078
0.011588 0.082591
0.011609 0.022333
0.011631 0.000411
0.011652 0.009518
0.011674 0.041025
0.011695 0.086469
0.011717 0.138458
0.011739 0.191068
0.011760 0.239890
0.011782 0.281863
0.011804 0.315005
0.011825 0.338128
0.011847 0.350590
0.011869 0.352115
0.011891 0.342689
0.011913 0.322549
0.011935 0.292253
0.011957 0.252837
0.011979 0.206031
0.012001 0.154526
0.012023 0.102226
0.012045 0.054442
0.012067 0.017898
0.012090 0.000463
0.012112 0.010457
0.012134 0.055437
0.012157 0.140452
0.012179 0.265889
0.012202 0.425274
0.012224 0.603637
0.012247 0.777283
0.012269 0.915881
0.012292 0.987504
0.012315 0.966584
0.012337 0.843520
0.012360 0.633286
0.012383 0.379190
0.012406 0.147831
0.012429 0.013073
0.012451 0.030849
0.012474 0.212038
0.012497 0.505482
0.012520 0.803870
0.012544 0.978945
0.012567 0.938772
0.012590 0.683397
0.012613 0.325625
0.012636 0.051610
0.012660 0.025403
0.012683 0.282036
0.012706 0.679467
0.012730 0.962582
0.012753 0.925385
0.012777 0.573693
0.012800 0.156508
0.012824 0.003318
0.012848 0.257766
0.012871 0.722537
0.012895 0.989340
0.012919 0.796717
0.012943 0.308452
0.012966 0.003717
0.012990 0.211214
0.013014 0.729930
0.013038 0.991281
0.013062 0.680214
0.013086 0.145268
0.013111 0.039471
0.013135 0.515219
0.013159 0.969219
0.013183 0.785516
0.013208 0.196972
0.013232 0.033147
0.013256 0.549912
0.013281 0.987679
0.013305 0.663978
0.013330 0.071154
0.013354 0.169569
0.013379 0.814297
0.013404 0.915398
0.013428 0.281051
0.013453 0.030784
0.013478 0.633284
0.013503 0.978984
0.013528 0.399851
0.013553 0.008231
0.013578 0.589669
0.013603 0.980010
0.013628 0.365283
0.013653 0.027550
0.013678 0.699627
0.013703 0.923254
0.013729 0.191629
0.013754 0.153679
0.013779 0.907103
0.013805 0.691066
0.013830 0.009507
0.013856 0.511817
0.013881 0.972439
0.013907 0.237514
0.013932 0.163305
0.013958 0.947087
0.013984 0.545799
0.014010 0.014906
0.014036 0.780798
0.014061 0.764719
0.014087 0.006951
0.014113 0.622028
0.014139 0.874695
0.014165 0.040238
0.014192 0.534267
0.014218 0.910707
0.014244 0.053576
0.014270 0.531512
0.014297 0.895945
0.014323 0.031637
0.014349 0.613535
0.014376 0.820430
0.014402 0.001453
0.014429 0.767398
0.014455 0.650183
0.014482 0.034934
0.014509 0.935687
0.014536 0.372411
0.014562 0.228975
0.014589 0.981768
0.014616 0.081384
0.014643 0.607102
0.014670 0.741683
0.014697 0.026138
0.014724 0.956172
0.014751 0.257799
0.014779 0.412327
0.014806 0.858746
0.014833 0.003387
0.014861 0.931660
0.014888 0.268097
0.014915 0.446247
0.014943 0.799698
0.014970 0.033670
0.014998 0.986077
0.015026 0.102898
0.015053 0.702189
0.015081 0.514988
0.015109 0.263430
0.015137 0.890150
0.015165 0.014052
0.015193 0.985732
0.015221 0.068836
0.015249 0.807226
0.015277 0.331478
0.015305 0.503375
0.015333 0.637600
0.015362 0.225457
0.015390 0.867104
0.015418 0.054581
0.015447 0.977550
0.015475 0.000148
0.015504 0.984334
0.015532 0.030700
0.015561 0.927149
0.015590 0.104495
0.015618 0.845465
0.015647 0.186921
0.015676 0.767855
0.015705 0.255599
0.015734 0.711012
0.015763 0.298666
0.015792 0.682932
0.015821 0.311090
0.015850 0.686415
0.015880 0.291806
0.015909 0.721023
0.015938 0.242805
0.015968 0.782885
0.015997 0.170408
0.016027 0.862468
0.016056 0.088238
0.016086 0.941200
0.016115 0.020469
0.016145 0.989099
0.016175 0.002345
0.016205 0.967288
0.016235 0.073347
0.016265 0.840316
0.016295 0.258681
0.016325 0.600660
0.016355 0.540376
0.016385 0.298525
0.016415 0.832308
0.016445 0.054265
0.016476 0.989176
0.016506 0.019845
0.016537 0.879332
0.016567 0.273817
0.016598 0.509846
0.016628 0.700165
0.016659 0.109357
0.016690 0.982738
0.016720 0.023779
0.016751 0.830720
0.016782 0.394335
0.016813 0.328128
0.016844 0.888250
0.016875 0.001356
0.016906 0.924672
0.016937 0.290077
0.016969 0.395065
0.017000 0.869638
0.017031 0.000672
0.017063 0.896834
0.017094 0.375911
0.017126 0.271757
0.017157 0.957785
0.017189 0.034093
0.017221 0.705514
0.017252 0.661669
0.017284 0.046536
0.017316 0.957782
0.017348 0.315009
0.017380 0.272440
0.017412 0.976760
0.017444 0.093930
0.017476 0.524148
0.017508 0.867401
0.017541 0.009452
0.017573 0.707131
0.017606 0.738300
0.017638 0.002172
0.017671 0.808642
0.017703 0.649561
0.017736 0.014531
0.017768 0.846383
0.017801 0.622899
0.017834 0.015710
0.017867 0.833320
0.017900 0.662096
0.017933 0.003777
0.017966 0.764936
0.017999 0.760405
0.018032 0.005076
0.018066 0.623850
0.018099 0.890660
0.018132 0.072349
0.018166 0.403068
0.018199 0.985813
0.018233 0.265252
0.018266 0.149390
0.018300 0.936821
0.018334 0.590462
0.018368 0.001451
0.018401 0.656554
0.018435 0.913789
0.018469 0.142905
0.018503 0.228310
0.018538 0.957128
0.018572 0.592923
0.018606 0.000264
0.018640 0.553735
0.018675 0.976149
0.018709 0.315713
0.018744 0.055418
0.018778 0.762681
0.018813 0.892384
0.018848 0.174237
0.018882 0.133995
0.018917 0.846478
0.018952 0.840251
0.018987 0.137885
0.019022 0.148833
0.019057 0.841140
0.019092 0.865328
0.019127 0.185621
0.019163 0.088696
0.019198 0.744201
0.019233 0.947211
0.019269 0.341932
0.019304 0.008915
0.019340 0.520628
0.019376 0.989084
0.019411 0.629432
0.019447 0.050492
0.019483 0.195062
0.019519 0.818461
0.019555 0.934954
0.019591 0.375813
0.019627 0.000017
0.019663 0.361159
0.019700 0.917090
0.019736 0.868684
0.019772 0.297598
0.019809 0.001954
0.019845 0.374345
0.019882 0.905753
0.019919 0.902680
0.019955 0.382380
0.019992 0.006388
0.020029 0.229943
0.020066 0.769996
0.020103 0.985993
0.020140 0.639361
0.020177 0.134264
0.020214 0.028977
0.020252 0.424872
0.020289 0.892297
0.020326 0.950299
0.020364 0.553253
0.020401 0.103316
0.020439 0.031562
0.020477 0.392740
0.020515 0.844499
0.020552 0.983357
0.020590 0.699830
0.020628 0.247250
0.020666 0.002988
0.020704 0.154917
0.020743 0.570493
0.020781 0.925286
0.020819 0.960180
0.020858 0.662355
0.020896 0.252060
0.020935 0.011261
0.020973 0.091320
0.021012 0.428085
0.021051 0.802582
0.021089 0.988611
0.021128 0.886174
0.021167 0.565629
0.021206 0.211479
0.021245 0.012062
0.021285 0.061907
0.021324 0.324629
0.021363 0.664829
0.021403 0.922298
0.021442 0.987008
0.021482 0.841166
0.021521 0.555850
0.021561 0.251641
0.021601 0.045619
0.021640 0.007877
0.021680 0.142159
0.021720 0.393092
0.021760 0.672416
0.021801 0.891653
0.021841 0.989345
0.021881 0.945416
0.021921 0.780983
0.021962 0.546674
0.022002 0.305153
0.022043 0.113773
0.022084 0.011801
0.022124 0.014382
0.022165 0.113134
0.022206 0.281746
0.022247 0.484152
0.022288 0.682972
0.022329 0.846409
0.022370 0.952660
0.022411 0.991608
0.022453 0.964193
0.022494 0.880150
0.022536 0.754923
0.022577 0.606467
0.022619 0.452457
0.022661 0.308215
0.022702 0.185449
0.022744 0.091757
0.022786 0.030745
0.022828 0.002572
0.022870 0.004726
0.022912 0.032886
0.022955 0.081723
0.022997 0.145598
0.023039 0.219082
0.023082 0.297326
0.023125 0.376270
0.023167 0.452727
0.023210 0.524372
0.023253 0.589668
0.023296 0.647748
0.023339 0.698286
0.023382 0.741360
0.023425 0.777330
0.023468 0.806728
0.023511 0.830163
0.023555 0.848252
0.023598 0.861559
0.023641 0.870558
0.023685 0.875599
0.023729 0.876893
0.023773 0.874499
0.023816 0.868327
0.023860 0.858139
0.023904 0.843565
0.023948 0.824127
0.023993 0.799268
0.024037 0.768402
0.024081 0.730969
0.024126 0.686511
0.024170 0.634765
0.024215 0.575762
0.024259 0.509951
0.024304 0.438310
0.024349 0.362468
0.024394 0.284794
0.024439 0.208449
0.024484 0.137372
0.024529 0.076185
0.024574 0.029971
0.024619 0.003934
0.024665 0.002916
0.024710 0.030779
0.024756 0.089713
0.024802 0.179500
0.024847 0.296875
0.024893 0.435073
0.024939 0.583739
0.024985 0.729335
0.025031 0.856149
0.025077 0.947955
0.025123 0.990248
0.025170 0.972834
0.025216 0.892418
0.025263 0.754652
0.025309 0.575091
0.025356 0.378487
0.025403 0.196070
0.025450 0.060814
0.025497 0.001166
0.025544 0.034284
0.025591 0.160277
0.025638 0.359189
0.025685 0.592238
0.025733 0.808106
0.025780 0.953867
0.025828 0.988601
0.025875 0.896364
0.025923 0.694452
0.025971 0.433226
0.026019 0.185640
0.026067 0.027572
0.026115 0.013665
0.026163 0.156193
0.026211 0.415277
0.026259 0.706455
0.026308 0.926240
0.026356 0.989163
0.026405 0.863453
0.026454 0.590196
0.026502 0.274593
0.026551 0.048065
0.026600 0.013139
0.026649 0.193762
0.026698 0.515783
0.026748 0.832334
0.026797 0.988819
0.026846 0.900416
0.026896 0.603019
0.026945 0.245736
0.026995 0.020053
0.027045 0.056385
0.027095 0.343545
0.027145 0.722631
0.027195 0.969830
0.027245 0.928979
0.027295 0.615983
0.027346 0.222928
0.027396 0.005594
0.027447 0.115730
0.027497 0.487966
0.027548 0.868962
0.027599 0.985576
0.027650 0.744424
0.027701 0.315437
0.027752 0.020851
0.027803 0.094094
0.027854 0.487225
0.027905 0.890268
0.027957 0.970284
0.028008 0.651249
0.028060 0.196663
0.028112 0.000702
0.028164 0.244515
0.028216 0.717875
0.028268 0.989242
0.028320 0.798668
0.028372 0.317449
0.028424 0.006993
0.028477 0.178442
0.028529 0.670192
0.028582 0.986348
0.028635 0.794344
0.028687 0.286076
0.028740 0.000430
0.028793 0.253534
0.028846 0.776187
0.028900 0.986150
0.028953 0.637501
0.029006 0.123250
0.029060 0.044896
0.029113 0.504217
0.029167 0.955333
0.029221 0.844267
0.029275 0.299095
0.029329 0.000282
0.029383 0.334580
0.029437 0.879289
0.029491 0.921865
0.029546 0.397167
0.029600 0.004014
0.029655 0.282081
0.029709 0.857038
0.029764 0.927248
0.029819 0.385192
0.029874 0.000788
0.029929 0.335798
0.029984 0.907425
0.030040 0.867087
0.030095 0.266867
0.030151 0.014730
0.030206 0.504677
0.030262 0.981913
0.030318 0.692764
0.030374 0.088770
0.030430 0.140848
0.030486 0.772382
0.030542 0.948855
0.030598 0.370418
0.030655 0.002550
0.030711 0.474102
0.030768 0.983731
0.030825 0.646189
0.030881 0.044433
0.030938 0.242518
0.030995 0.894487
0.031053 0.826260
0.031110 0.154792
0.031167 0.111613
0.031225 0.783490
0.031282 0.915513
0.031340 0.252061
0.031398 0.054868
0.031456 0.709098
0.031514 0.948124
0.031572 0.298332
0.031630 0.040209
0.031688 0.693498
0.031747 0.948085
0.031805 0.282586
0.031864 0.054898
0.031923 0.739686
0.031982 0.915629
0.032041 0.208693
0.032100 0.111054
0.032159 0.835969
0.032218 0.827791
0.032278 0.099008
0.032337 0.239203
0.032397 0.945234
0.032457 0.652307
0.032516 0.009555
0.032576 0.464225
0.032636 0.990299
0.032697 0.384366
0.032757 0.036264
0.032817 0.755576
0.032878 0.866770
0.032938 0.104699
0.032999 0.271122
0.033060 0.973722
0.033121 0.526932
0.033182 0.005845
0.033243 0.679042
0.033305 0.902011
0.033366 0.122590
0.033428 0.271678
0.033489 0.980718
0.033551 0.469044
0.033613 0.026454
0.033675 0.780060
0.033737 0.803945
0.033799 0.033897
0.033861 0.463507
0.033924 0.976449
0.033986 0.227440
0.034049 0.188753
0.034112 0.965175
0.034175 0.487017
0.034238 0.034074
0.034301 0.828743
0.034364 0.717785
0.034428 0.001788
0.034491 0.643394
0.034555 0.876137
0.034618 0.053986
0.034682 0.466080
0.034746 0.960238
0.034810 0.145308
0.034875 0.325355
0.034939 0.989712
0.035003 0.240260
0.035068 0.227830
0.035133 0.989038
0.035197 0.317227
0.035262 0.168657
0.035327 0.978569
0.035392 0.365638
0.035458 0.140110
0.035523 0.971421
0.035589 0.381476
0.035654 0.136753
0.035720 0.973261
0.035786 0.363951
0.035852 0.157741
0.035918 0.982707
0.035984 0.314322
0.036051 0.207006
0.036117 0.991378
0.036184 0.237075
0.036250 0.291505
0.036317 0.983800
0.036384 0.143059
0.036451 0.417086
0.036518 0.938568
0.036586 0.053473
0.036653 0.581468
0.036721 0.833086
0.036789 0.002036
0.036856 0.765117
0.036924 0.654175
0.036992 0.030845
0.037061 0.923906
0.037129 0.414480
0.037198 0.174836
0.037266 0.991773
0.037335 0.168432
0.037404 0.433702
0.037473 0.903650
0.037542 0.012717
0.037611 0.741774
0.037680 0.641922
0.037750 0.051864
0.037819 0.963105
0.037889 0.287741
0.037959 0.323296
0.038029 0.945829
0.038099 0.028439
0.038169 0.717589
0.038240 0.640683
0.038310 0.066010
0.038381 0.979437
0.038452 0.212245
0.038523 0.435433
0.038594 0.867208
0.038665 0.000015
0.038736 0.874478
0.038808 0.413984
0.038879 0.245325
0.038951 0.961286
0.039023 0.026598
0.039095 0.762358
0.039167 0.545477
0.039239 0.154039
0.039311 0.985701
0.039384 0.058289
0.039457 0.707810
0.039529 0.590015
0.039602 0.134489
0.039675 0.987227
0.039748 0.055158
0.039822 0.729194
0.039895 0.549388
0.039969 0.176756
0.040042 0.971427
0.040116 0.020682
0.040190 0.819316
0.040264 0.423320
0.040339 0.298248
0.040413 0.902104
0.040488 0.001134
0.040562 0.938279
0.040637 0.227314
0.040712 0.520398
0.040787 0.719016
0.040862 0.085126
0.040938 0.989683
0.041013 0.039927
0.041089 0.806724
0.041165 0.399874
0.041240 0.358329
0.041316 0.834042
0.041393 0.031403
0.041469 0.989389
0.041545 0.072510
0.041622 0.767827
0.041699 0.424601
0.041776 0.356310
0.041853 0.818503
0.041930 0.048509
0.042007 0.991456
0.042085 0.033069
0.042162 0.853923
0.042240 0.295332
0.042318 0.512024
0.042396 0.663501
0.042474 0.170532
0.042553 0.933253
0.042631 0.004367
0.042710 0.979969
0.042788 0.076735
0.042867 0.803206
0.042946 0.332316
0.043026 0.501000
0.043105 0.646768
0.043184 0.206851
0.043264 0.893105
0.043344 0.028622
0.043424 0.991222
0.043504 0.014256
0.043584 0.925793
0.043664 0.149296
0.043745 0.735838
0.043826 0.376797
0.043906 0.489070
0.043987 0.625183
0.044069 0.254862
0.044150 0.832131
0.044231 0.085038
0.044313 0.958360
0.044395 0.005590
0.044476 0.990812
0.044558 0.017835
0.044641 0.938140
0.044723 0.105257
0.044805 0.822506
0.044888 0.242195
0.044971 0.671124
0.045054 0.401546
0.045137 0.509652
0.045220 0.560086
0.045303 0.358215
0.045387 0.701154
0.045471 0.229896
0.045555 0.815166
0.045639 0.131016
0.045723 0.898719
0.045807 0.062464
0.045892 0.953011
0.045976 0.021381
0.046061 0.982152
0.046146 0.002782
0.046231 0.991674
0.046316 0.000861
0.046402 0.987431
0.046487 0.009901
0.046573 0.974868
0.046659 0.024824
0.046745 0.958630
0.046831 0.041455
0.046917 0.942408
0.047004 0.056585
0.047091 0.928938
0.047177 0.067933
0.047264 0.920073
0.047352 0.074050
0.047439 0.916875
0.047526 0.074242
0.047614 0.919689
0.047702 0.068508
0.047790 0.928173
0.047878 0.057533
0.047966 0.941289
0.048055 0.042723
0.048143 0.957247
0.048232 0.026266
0.048321 0.973443
0.048410 0.011201
0.048499 0.986398
0.048589 0.001442
0.048679 0.991779
0.048768 0.001707
0.048858 0.984538
0.048948 0.017285
0.049039 0.959266
0.049129 0.053557
0.049220 0.910801
0.049310 0.115228
0.049401 0.835167
0.049492 0.205239
0.049584 0.730794
0.049675 0.323437
0.049767 0.599916
0.049859 0.465166
0.049950 0.449904
0.050043 0.620124
0.050135 0.294105
0.050227 0.771947
0.050320 0.151685
0.050413 0.899091
0.050506 0.045903
0.050599 0.977503
0.050692 0.000437
0.050786 0.985285
0.050879 0.033810
0.050973 0.908994
0.051067 0.152668
0.051161 0.750373
0.051256 0.345570
0.051350 0.531415
0.051445 0.579746
0.051540 0.295098
0.051635 0.803507
0.051730 0.099332
0.051825 0.956201
0.051921 0.003156
0.052017 0.985396
0.052113 0.047105
0.052209 0.867571
0.052305 0.233307
0.052402 0.625035
0.052498 0.513903
0.052595 0.329877
0.052692 0.796636
0.052789 0.087654
0.052886 0.972049
0.052984 0.000455
0.053082 0.957522
0.053180 0.119856
0.053278 0.741994
0.053376 0.410634
0.053474 0.407647
0.053573 0.749021
0.053672 0.108167
0.053771 0.968732
0.053870 0.001083
0.053969 0.943834
0.054069 0.159661
0.054168 0.669486
0.054268 0.513170
0.054368 0.288078
0.054469 0.863501
0.054569 0.026454
0.054670 0.990006
0.054771 0.061252
0.054872 0.794326
0.054973 0.388616
0.055074 0.390249
0.055176 0.796937
0.055278 0.055061
0.055379 0.991583
0.055482 0.044024
0.055584 0.811034
0.055686 0.384689
0.055789 0.377403
0.055892 0.820490
0.055995 0.035355
0.056098 0.989187
0.056202 0.083658
0.056305 0.729039
0.056409 0.499539
0.056513 0.254212
0.056617 0.917302
0.056722 0.000475
0.056827 0.937445
0.056931 0.225291
0.057036 0.521312
0.057141 0.724633
0.057247 0.074649
0.057352 0.991719
0.057458 0.067938
0.057564 0.729825
0.057670 0.527305
0.057777 0.206621
0.057883 0.955704
0.057990 0.008475
0.058097 0.855736
0.058204 0.381099
0.058311 0.326080
0.058419 0.895565
0.058527 0.000416
0.058635 0.917016
0.058743 0.297022
0.058851 0.400324
0.058960 0.853398
0.059068 0.005549
0.059177 0.937828
0.059286 0.269184
0.059396 0.419331
0.059505 0.847953
0.059615 0.005012
0.059725 0.930748
0.059835 0.293154
0.059945 0.382029
0.060056 0.880951
0.060167 0.000096
0.060278 0.891594
0.060389 0.371861
0.060500 0.292385
0.060612 0.938521
0.060723 0.011632
0.060835 0.801691
0.060948 0.510400
0.061060 0.166103
0.061173 0.986894
0.061285 0.077546
0.061398 0.638757
0.061512 0.699892
0.061625 0.044347
0.061739 0.969775
0.061853 0.240002
0.061967 0.401342
0.062081 0.893493
0.062195 0.002597
0.062310 0.823283
0.062425 0.511063
0.062540 0.144782
0.062656 0.991641
0.062771 0.130124
0.062887 0.525745
0.063003 0.820396
0.063119 0.001564
0.063235 0.874238
0.063352 0.455658
0.063469 0.172730
0.063586 0.990710
0.063703 0.127688
0.063821 0.512171
0.063938 0.843024
0.064056 0.000073
0.064174 0.829067
0.064293 0.537688
0.064411 0.104446
0.064530 0.984742
0.064649 0.229039
0.064768 0.363639
0.064888 0.940578
0.065007 0.036901
0.065127 0.657382
0.065247 0.743736
0.065368 0.008750
0.065488 0.882922
0.065609 0.482131
0.065730 0.125267
0.065851 0.986256
0.065973 0.240426
0.066094 0.329028
0.066216 0.963545
0.066338 0.074071
0.066461 0.555429
0.066583 0.844850
0.066706 0.003269
0.066829 0.753693
0.066952 0.673636
0.067076 0.020254
0.067199 0.895200
0.067323 0.490686
0.067447 0.101606
0.067572 0.972175
0.067696 0.325445
0.067821 0.219587
0.067946 0.991494
0.068072 0.193917
0.068197 0.349699
0.068323 0.967604
0.068449 0.100670
0.068575 0.474202
0.068702 0.916823
0.068828 0.042504
0.068955 0.582575
0.069082 0.853791
0.069210 0.012116
0.069338 0.670266
0.069465 0.789878
0.069593 0.000943
0.069722 0.736801
0.069850 0.732962
0.069979 0.000973
0.070108 0.783946
0.070238 0.687953
0.070367 0.005690
0.070497 0.814245
0.070627 0.657588
0.070757 0.010435
0.070888 0.830004
0.071018 0.643186
0.071149 0.012439
0.071280 0.832686
0.071412 0.645191
0.071544 0.010757
0.071676 0.822614
0.071808 0.663443
0.071940 0.006202
0.072073 0.798946
0.072206 0.697157
0.072339 0.001344
0.072472 0.759884
0.072606 0.744619
0.072740 0.000507
0.072874 0.703144
0.073008 0.802648
0.073143 0.009696
0.073278 0.626752
0.073413 0.865927
0.073548 0.036245
0.073684 0.530180
0.073820 0.926382
0.073956 0.088003
0.074092 0.415813
0.074229 0.972895
0.074366 0.171826
0.074503 0.290546
0.074641 0.991778
0.074778 0.291284
0.074916 0.167095
0.075054 0.968454
0.075193 0.443736
0.075331 0.064322
0.075470 0.890719
0.075609 0.617347
0.075749 0.005663
0.075889 0.753549
0.076028 0.789219
0.076169 0.014818
0.076309 0.564684
0.076450 0.926271
0.076591 0.108400
0.076732 0.349154
0.076874 0.990581
0.077015 0.286541
0.077157 0.149903
0.077300 0.950087
0.077442 0.524304
0.077585 0.021389
0.077728 0.793362
0.077871 0.768649
0.078015 0.014320
0.078159 0.543958
0.078303 0.946312
0.078447 0.153352
0.078592 0.266548
0.078737 0.985693
0.078882 0.415092
0.079028 0.056191
0.079173 0.849608
0.079319 0.718938
0.079466 0.006329
0.079612 0.566662
0.079759 0.943931
0.079906 0.161828
0.080054 0.241433
0.080201 0.976431
0.080349 0.477787
0.080497 0.025026
0.080646 0.775146
0.080794 0.814167
0.080943 0.044025
0.081093 0.419027
0.081242 0.988786
0.081392 0.315603
0.081542 0.095455
0.081693 0.880075
0.081843 0.703705
0.081994 0.008345
0.082145 0.526436
0.082297 0.969092
0.082449 0.239943
0.082601 0.142547
0.082753 0.915746
0.082906 0.657698
0.083058 0.002836
0.083212 0.552836
0.083365 0.964395
0.083519 0.236961
0.083673 0.136989
0.083827 0.905080
0.083982 0.686554
0.084137 0.009139
0.084292 0.499277
0.084447 0.981628
0.084603 0.304936
0.084759 0.082362
0.084915 0.841365
0.085072 0.782870
0.085229 0.046707
0.085386 0.367892
0.085543 0.989866
0.085701 0.455198
0.085859 0.015287
0.086018 0.694716
0.086176 0.912585
0.086335 0.165127
0.086494 0.181551
0.086654 0.922310
0.086814 0.683505
0.086974 0.014625
0.087134 0.445351
0.087295 0.991455
0.087456 0.411401
0.087617 0.022613
0.087779 0.703494
0.087940 0.916656
0.088103 0.184004
0.088265 0.150267
0.088428 0.889200
0.088591 0.751534
0.088754 0.045454
0.088918 0.337793
0.089082 0.979768
0.089246 0.555098
0.089411 0.000119
0.089576 0.531958
0.089741 0.985089
0.089906 0.371753
0.090072 0.028148
0.090238 0.698558
0.090405 0.930964
0.090571 0.225435
0.090738 0.101186
0.090906 0.823079
0.091073 0.845666
0.091241 0.122626
0.091410 0.192900
0.091578 0.905433
0.091747 0.752437
0.091916 0.058690
0.092086 0.283708
0.092256 0.953437
0.092426 0.667079
0.092596 0.023955
0.092767 0.361384
0.092938 0.977538
0.093109 0.598647
0.093281 0.008028
0.093453 0.419539
0.093626 0.987470
0.093798 0.551403
0.093971 0.002254
0.094144 0.455520
0.094318 0.990546
0.094492 0.526852
0.094666 0.000815
0.094841 0.468586
0.095016 0.991009
0.095191 0.525266
0.095367 0.001070
0.095542 0.458730
0.095719 0.989895
0.095895 0.546496
0.096072 0.003575
0.096249 0.426244
0.096427 0.985082
0.096604 0.590032
0.096783 0.011987
0.096961 0.372018
0.097140 0.971432
0.097319 0.654355
0.097498 0.032826
0.097678 0.298522
0.097858 0.941196
0.098039 0.735661
0.098220 0.074835
0.098401 0.211322
0.098582 0.884992
0.098764 0.826175
0.098946 0.147536
0.099129 0.120824
0.099311 0.793826
0.099495 0.912524
0.099678 0.258542
0.099862 0.043554
0.100046 0.662501
0.100231 0.975072
0.100415 0.409440
0.100601 0.001893
0.100786 0.494335
0.100972 0.989476
0.101158 0.590709
0.101345 0.020863
0.101532 0.306205
0.101719 0.931870
0.101906 0.777302
0.102094 0.120787
0.102283 0.131576
0.102471 0.788334
0.102660 0.927906
0.102850 0.306019
0.103039 0.017966
0.103229 0.567260
0.103420 0.991714
0.103610 0.552647
0.103801 0.015202
0.103993 0.309909
0.104185 0.925422
0.104377 0.801782
0.104569 0.153559
0.104762 0.090926
0.104955 0.718649
0.105149 0.967545
0.105343 0.417205
0.105537 0.000001
0.105732 0.418051
0.105927 0.966605
0.106122 0.727065
0.106318 0.101881
0.106514 0.132418
0.106710 0.765736
0.106907 0.952614
0.107104 0.386589
0.107302 0.000433
0.107499 0.426112
0.107698 0.965546
0.107896 0.740052
0.108095 0.118359
0.108295 0.107869
0.108494 0.723319
0.108694 0.972711
0.108895 0.457528
0.109096 0.003922
0.109297 0.334418
0.109498 0.921220
0.109700 0.834205
0.109903 0.213178
0.110105 0.037389
0.110308 0.580997
0.110512 0.991199
0.110716 0.628942
0.110920 0.060094
0.111124 0.166795
0.111329 0.781749
0.111535 0.956185
0.111740 0.423975
0.111946 0.002124
0.112153 0.333722
0.112360 0.911720
0.112567 0.859008
0.112774 0.257597
0.112982 0.015530
0.113191 0.494977
0.113399 0.975488
0.113609 0.739980
0.113818 0.141504
0.114028 0.068956
0.114238 0.627594
0.114449 0.991778
0.114660 0.627248
0.114871 0.070598
0.115083 0.135158
0.115296 0.724608
0.115508 0.981877
0.115721 0.536219
0.115935 0.032735
0.116148 0.195110
0.116363 0.788197
0.116577 0.963500
0.116792 0.473121
0.117007 0.015395
0.117223 0.237566
0.117439 0.823767
0.117656 0.948758
0.117873 0.439237
0.118090 0.009203
0.118308 0.256957
0.118526 0.836063
0.118745 0.944220
0.118964 0.434157
0.119183 0.009324
0.119403 0.251402
0.119623 0.827169
0.119844 0.951535
0.120065 0.457535
0.120286 0.015798
0.120508 0.221690
0.120730 0.795925
0.120953 0.967766
0.121176 0.509352
0.121399 0.033386
0.121623 0.171453
0.121848 0.738488
0.122072 0.985243
0.122297 0.588754
0.122523 0.070954
0.122749 0.108391
0.122975 0.650099
0.123202 0.991306
0.123429 0.691620
0.123657 0.139910
0.123885 0.046011
0.124113 0.528306
0.124342 0.968809
0.124572 0.807215
0.124801 0.250926
0.125031 0.004788
0.125262 0.377677
0.125493 0.898710
0.125724 0.914989
0.125956 0.408279
0.126189 0.010990
0.126421 0.215222
0.126654 0.766107
0.126888 0.983656
0.127122 0.602155
0.127356 0.090957
0.127591 0.074154
0.127827 0.570118
0.128062 0.975671
0.128299 0.801315
0.128535 0.259394
0.128772 0.001786
0.129010 0.335438
0.129248 0.860074
0.129486 0.951436
0.129725 0.503127
0.129964 0.046699
0.130204 0.119290
0.130444 0.633526
0.130684 0.986361
0.130925 0.767339
0.131167 0.233260
0.131409 0.003725
0.131651 0.342287
0.131894 0.857168
0.132137 0.957419
0.132381 0.530267
0.132625 0.064390
0.132869 0.088736
0.133114 0.573668
0.133360 0.970414
0.133606 0.833460
0.133852 0.318507
0.134099 0.002118
0.134346 0.235521
0.134594 0.757471
0.134842 0.989715
0.135091 0.677605
0.135340 0.166254
0.135590 0.016241
0.135840 0.389663
0.136090 0.878205
0.136341 0.951897
0.136593 0.532939
0.136844 0.074531
0.137097 0.068742
0.137350 0.519794
0.137603 0.944889
0.137857 0.892504
0.138111 0.420197
0.138366 0.028278
0.138621 0.128656
0.138876 0.613936
0.139133 0.975345
0.139389 0.837034
0.139646 0.344765
0.139904 0.009374
0.140162 0.175996
0.140420 0.671183
0.140679 0.986284
0.140939 0.800422
0.141198 0.304918
0.141459 0.003615
0.141720 0.200175
0.141981 0.694393
0.142243 0.988775
0.142505 0.789648
0.142768 0.297790
0.143031 0.003378
0.143295 0.197182
0.143559 0.685682
0.143824 0.986875
0.144089 0.806215
0.144355 0.322439
0.144621 0.008180
0.144888 0.167792
0.145155 0.644704
0.145423 0.977553
0.145691 0.847061
0.145960 0.380316
0.146229 0.024450
0.146498 0.117583
0.146769 0.569370
0.147039 0.951182
0.147310 0.903675
0.147582 0.473390
0.147854 0.064659
0.148127 0.058533
0.148400 0.458881
0.148674 0.893037
0.148948 0.960063
0.149223 0.599961
0.149498 0.144860
0.149774 0.011080
0.150050 0.319000
0.150326 0.787112
0.150604 0.991219
0.150881 0.748510
0.151160 0.279106
0.151438 0.004393
0.151718 0.168655
0.151997 0.623777
0.152278 0.964983
0.152559 0.891357
0.152840 0.469627
0.153122 0.071455
0.153404 0.044941
0.153687 0.411484
0.153970 0.850892
0.154254 0.982451
0.154539 0.694080
0.154824 0.235660
0.155109 0.000792
0.155395 0.189016
0.155682 0.638181
0.155969 0.966098
0.156257 0.896134
0.156545 0.489074
0.156834 0.088245
0.157123 0.029003
0.157413 0.359164
0.157703 0.802536
0.157994 0.991379
0.158285 0.771006
0.158577 0.324602
0.158869 0.019182
0.159162 0.103620
0.159456 0.507344
0.159750 0.901260
0.160045 0.966860
0.160340 0.652811
0.160635 0.213128
0.160932 0.000339
0.161228 0.183124
0.161526 0.614316
0.161824 0.951128
0.162122 0.928068
0.162421 0.564973
0.162721 0.148174
0.163021 0.003651
0.163321 0.242680
0.163622 0.677929
0.163924 0.971803
0.164226 0.898434
0.164529 0.515921
0.164833 0.118572
0.165137 0.009622
0.165441 0.270548
0.165746 0.701882
0.166052 0.977094
0.166358 0.889810
0.166665 0.507210
0.166972 0.116655
0.167280 0.009085
0.167589 0.263003
0.167898 0.688858
0.168207 0.971891
0.168518 0.904848
0.168828 0.538481
0.169140 0.141528
0.169452 0.002766
0.169764 0.221512
0.170077 0.638097
0.170391 0.951785
0.170705 0.938102
0.171020 0.608393
0.171335 0.199001
0.171651 0.000886
0.171968 0.153169
0.172285 0.546827
0.172603 0.904169
0.172921 0.975212
0.173240 0.711771
0.173559 0.298603
0.173879 0.022683
0.174200 0.073857
0.174521 0.415338
0.174843 0.811584
0.175166 0.991570
0.175489 0.833779
0.175812 0.446915
0.176136 0.093703
0.176461 0.012015
0.176787 0.255399
0.177113 0.659396
0.177439 0.953784
0.177767 0.943433
0.178094 0.636673
0.178423 0.237417
0.178752 0.008727
0.179081 0.099680
0.179412 0.449311
0.179743 0.828774
0.180074 0.991769
0.180406 0.833980
0.180739 0.458615
0.181072 0.107706
0.181406 0.005625
0.181741 0.216238
0.182076 0.604218
0.182411 0.923068
0.182748 0.971961
0.183085 0.721474
0.183423 0.330007
0.183761 0.042663
0.184100 0.037715
0.184439 0.316849
0.184779 0.706209
0.185120 0.965518
0.185461 0.936307
0.185803 0.637850
0.186146 0.253322
0.186489 0.016627
0.186833 0.070261
0.187178 0.380458
0.187523 0.759569
0.187869 0.980251
0.188215 0.911602
0.188562 0.595864
0.188910 0.221343
0.189259 0.009474
0.189608 0.084124
0.189957 0.400110
0.190307 0.771604
0.190658 0.982018
0.191010 0.910053
0.191362 0.598714
0.191715 0.228580
0.192069 0.012471
0.192423 0.073281
0.192778 0.374968
0.193133 0.744922
0.193489 0.973331
0.193846 0.932020
0.194204 0.645552
0.194562 0.275649
0.194921 0.029255
0.195280 0.042849
0.195640 0.307603
0.196001 0.675995
0.196363 0.944686
0.196725 0.966757
0.197087 0.731367
0.197451 0.368038
0.197815 0.074654
0.198180 0.009586
0.198545 0.206777
0.198911 0.558987
0.199278 0.876897
0.199646 0.991090
0.200014 0.841878
0.200383 0.509616
0.200752 0.170602
0.201123 0.003194
0.201493 0.094283
0.201865 0.395000
0.202237 0.747779
0.202610 0.969388
0.202984 0.945946
0.203358 0.690753
0.203733 0.335937
0.204109 0.063454
0.204485 0.011752
0.204862 0.205980
0.205240 0.546619
0.205619 0.861165
0.205998 0.991694
0.206378 0.873770
0.206758 0.567481
0.207140 0.226060
0.207522 0.018840
0.207904 0.047454
0.208288 0.296639
0.208672 0.643125
0.209057 0.917160
0.209442 0.985710
0.209828 0.816558
0.210215 0.492664
0.210603 0.170816
0.210991 0.005481
0.211381 0.074947
0.211770 0.344921
0.212161 0.686179
0.212552 0.936865
0.212944 0.979220
0.213337 0.794395
0.213730 0.470080
0.214124 0.158305
0.214519 0.003964
0.214915 0.077770
0.215311 0.344493
0.215708 0.680454
0.216106 0.931292
0.216505 0.982855
0.216904 0.812683
0.217304 0.499085
0.217705 0.184526
0.218106 0.010682
0.218508 0.054858
0.218911 0.296190
0.219315 0.626138
0.219719 0.897740
0.220125 0.991116
0.220531 0.866001
0.220937 0.578476
0.221345 0.255242
0.221753 0.037489
0.222162 0.019339
0.222571 0.207636
0.222982 0.520057
0.223393 0.821596
0.223805 0.983077
0.224218 0.936252
0.224631 0.702108
0.225046 0.380887
0.225461 0.108760
0.225876 0.000053
0.226293 0.099539
0.226710 0.364564
0.227128 0.683881
0.227547 0.924662
0.227967 0.987716
0.228387 0.847962
0.228808 0.563834
0.229230 0.252348
0.229653 0.040664
0.230077 0.014288
0.230501 0.182952
0.230926 0.477607
0.231352 0.779146
0.231778 0.966738
0.232206 0.966082
0.232634 0.778404
0.233063 0.479050
0.233493 0.186820
0.233923 0.016682
0.234355 0.034728
0.234787 0.232940
0.235220 0.533218
0.235654 0.818536
0.236088 0.978670
0.236524 0.952574
0.236960 0.751224
0.237397 0.452533
0.237835 0.170843
0.238273 0.013042
0.238713 0.038208
0.239153 0.235911
0.239594 0.530978
0.240036 0.812437
0.240478 0.975357
0.240922 0.959786
0.241366 0.772410
0.241811 0.483276
0.242257 0.199243
0.242704 0.024374
0.243152 0.021962
0.243600 0.191994
0.244049 0.471932
0.244499 0.760075
0.244950 0.952655
0.245402 0.981086
0.245854 0.836054
0.246308 0.570109
0.246762 0.278254
0.247217 0.063826
0.247673 0.001980
0.248130 0.113639
0.248587 0.358843
0.249046 0.651424
0.249505 0.889508
0.249965 0.990974
0.250426 0.921536
0.250888 0.705942
0.251351 0.418773
0.251814 0.158380
0.252279 0.013153
0.252744 0.031691
0.253210 0.206888
0.253677 0.479004
0.254145 0.756337
0.254613 0.946245
0.255083 0.985988
0.255553 0.863169
0.256025 0.619210
0.256497 0.335051
0.256970 0.104113
0.257444 0.001602
0.257918 0.060237
0.258394 0.260150
0.258871 0.535964
0.259348 0.798416
0.259826 0.963315
0.260305 0.978417
0.260785 0.839688
0.261266 0.591992
0.261748 0.314288
0.262231 0.094304
0.262714 0.000865
0.263199 0.062565
0.263684 0.259347
0.264171 0.529335
0.264658 0.788521
0.265146 0.956967
0.265635 0.983344
0.266125 0.860311
0.266615 0.626213
0.267107 0.352852
0.267600 0.123301
0.268093 0.006670
0.268588 0.037473
0.269083 0.205701
0.269579 0.460366
0.270076 0.725188
0.270574 0.921544
0.271073 0.991745
0.271573 0.915772
0.272074 0.716689
0.272576 0.453363
0.273078 0.202864
0.273582 0.037860
0.274086 0.005644
0.274592 0.114807
0.275098 0.333251
0.275606 0.597882
0.276114 0.832988
0.276623 0.971914
0.277133 0.975828
0.277644 0.844333
0.278156 0.615105
0.278669 0.352866
0.279183 0.130979
0.279698 0.010941
0.280214 0.025480
0.280731 0.169874
0.281248 0.403718
0.281767 0.662438
0.282287 0.875237
0.282807 0.984440
0.283329 0.960978
0.283851 0.811886
0.284375 0.577967
0.284899 0.322420
0.285424 0.113668
0.285951 0.007065
0.286478 0.030365
0.287006 0.176724
0.287536 0.406930
0.288066 0.660106
0.288597 0.869901
0.289129 0.981861
0.289663 0.967423
0.290197 0.830990
0.290732 0.608381
0.291268 0.357246
0.291805 0.142023
0.292343 0.017421
0.292882 0.014632
0.293423 0.133720
0.293964 0.343992
0.294506 0.592100
0.295049 0.815690
0.295593 0.959078
0.296138 0.987024
0.296684 0.893212
0.297231 0.701450
0.297779 0.459435
0.298329 0.226765
0.298879 0.060225
0.299430 0.000000
0.299982 0.060134
0.300535 0.225461
0.301090 0.455619
0.301645 0.695049
0.302201 0.886468
0.302758 0.984540
0.303317 0.966482
0.303876 0.837180
0.304436 0.627686
0.304998 0.387606
0.305560 0.173261
0.306124 0.034473
0.306688 0.003073
0.307254 0.085759
0.307821 0.262863
0.308388 0.493198
0.308957 0.723759
0.309527 0.901959
0.310098 0.987578
0.310669 0.961720
0.311242 0.830810
0.311816 0.624834
0.312391 0.390325
0.312967 0.179774
0.313545 0.039877
0.314123 0.001255
0.314702 0.071900
0.315282 0.235690
0.315864 0.456232
0.316446 0.685059
0.317030 0.872334
0.317615 0.977671
0.318200 0.978749
0.318787 0.875889
0.319375 0.691705
0.319964 0.465989
0.320554 0.247025
0.321145 0.081233
0.321737 0.003379
0.322331 0.029394
0.322925 0.153267
0.323521 0.348574
0.324117 0.574241
0.324715 0.783256
0.325314 0.932472
0.325914 0.991451
0.326515 0.948563
0.327117 0.813123
0.327720 0.613239
0.328324 0.389858
0.328930 0.188322
0.329537 0.049159
0.330144 0.000002
0.330753 0.050215
0.331363 0.189251
0.331974 0.389000
0.332586 0.609576
0.333200 0.807339
0.333814 0.943524
0.334430 0.991778
0.335046 0.943150
0.335664 0.807615
0.336283 0.611902
0.336903 0.394124
0.337525 0.196300
0.338147 0.056246
0.338771 0.000407
0.339396 0.038961
0.340021 0.164093
0.340648 0.351699
0.341277 0.566126
0.341906 0.767010
0.342537 0.916876
0.343168 0.988089
0.343801 0.967856
0.344435 0.860404
0.345070 0.685993
0.345707 0.476992
0.346344 0.271808
0.346983 0.107807
0.347623 0.014545
0.348264 0.008515
0.348906 0.090337
0.349550 0.244848
0.350194 0.444011
0.350840 0.652080
0.351487 0.832043
0.352135 0.952198
0.352785 0.991673
0.353435 0.943964
0.354087 0.817890
0.354740 0.635863
0.355394 0.429823
0.356049 0.235580
0.356706 0.086592
0.357364 0.008231
0.358023 0.013544
0.358683 0.101176
0.359345 0.255783
0.360007 0.450808
0.360671 0.653105
0.361336 0.828605
0.362003 0.948033
0.362670 0.991744
0.363339 0.952870
0.364009 0.838298
0.364680 0.667361
0.365353 0.468498
0.366027 0.274473
0.366702 0.116965
0.367378 0.021423
0.368055 0.003015
0.368734 0.064303
0.369414 0.194988
0.370095 0.373729
0.370778 0.571689
0.371462 0.757231
0.372147 0.900969
0.372833 0.980396
0.373521 0.983341
0.374209 0.909752
0.374899 0.771552
0.375591 0.590628
0.376283 0.395307
0.376977 0.215889
0.377673 0.079952
0.378369 0.008144
0.379067 0.011111
0.379766 0.088000
0.380466 0.226730
0.381168 0.405966
0.381871 0.598454
0.382575 0.775190
0.383280 0.909793
0.383987 0.982406
0.384695 0.982565
0.385405 0.910637
0.386116 0.777624
0.386828 0.603416
0.387541 0.413759
0.388256 0.236422
0.388972 0.097136
0.389689 0.015882
0.390408 0.004080
0.391128 0.063057
0.391849 0.183975
0.392572 0.349232
0.393295 0.535070
0.394021 0.715027
0.394747 0.863710
0.395475 0.960357
0.396205 0.991692
0.396935 0.953689
0.397667 0.852012
0.398401 0.701109
0.399135 0.522105
0.399871 0.339804
0.400609 0.179242
0.401348 0.062253
0.402088 0.004541
0.402829 0.013620
0.403572 0.087903
0.404316 0.217028
0.405062 0.383365
0.405809 0.564461
0.406557 0.736099
0.407307 0.875538
0.408058 0.964500
0.408811 0.991529
0.409565 0.953409
0.410320 0.855479
0.411077 0.710833
0.411835 0.538515
0.412594 0.360983
0.413355 0.201163
0.414117 0.079499
0.414881 0.011364
0.415646 0.005163
0.416413 0.061349
0.417181 0.172470
0.417950 0.324207
0.418721 0.497262
0.419493 0.669839
0.420266 0.820401
0.421041 0.930341
0.421818 0.986255
0.422596 0.981532
0.423375 0.917079
0.424156 0.801120
0.424938 0.648092
0.425722 0.476815
0.426507 0.308154
0.427293 0.162465
0.428081 0.057160
0.428871 0.004647
0.429662 0.010916
0.430454 0.074902
0.431248 0.188705
0.432043 0.338607
0.432840 0.506762
0.433638 0.673345
0.434438 0.818891
0.435239 0.926564
0.436042 0.984074
0.436846 0.985043
0.437651 0.929664
0.438458 0.824600
0.439267 0.682132
0.440077 0.518697
0.440889 0.352961
0.441702 0.203686
0.442516 0.087604
0.443332 0.017572
0.444150 0.001176
0.444969 0.039953
0.445789 0.129299
0.446612 0.259051
0.447435 0.414686
0.448260 0.578966
0.449087 0.733861
0.449915 0.862531
0.450745 0.951135
0.451576 0.990297
0.452409 0.976061
0.453243 0.910246
0.454079 0.800178
0.454916 0.657841
0.455755 0.498542
0.456596 0.339244
0.457438 0.196759
0.458281 0.085978
0.459127 0.018336
0.459973 0.000659
0.460821 0.034516
0.461671 0.116118
0.462523 0.236783
0.463376 0.383886
0.464230 0.542206
0.465086 0.695516
0.465944 0.828243
0.466803 0.927043
0.467664 0.982120
0.468526 0.988169
0.469391 0.944849
0.470256 0.856754
0.471123 0.732898
0.471992 0.585757
0.472863 0.429999
0.473735 0.281004
0.474608 0.153353
0.475483 0.059406
0.476360 0.008129
0.477239 0.004268
0.478119 0.047936
0.479001 0.134672
0.479884 0.255917
0.480769 0.399890
0.481656 0.552752
0.482544 0.699945
0.483434 0.827577
0.484325 0.923729
0.485218 0.979543
0.486113 0.990018
0.487010 0.954422
0.487908 0.876311
0.488807 0.763144
0.489709 0.625543
0.490612 0.476279
0.491517 0.329076
0.492423 0.197345
0.493331 0.092969
0.494241 0.025248
0.495152 0.000091
0.496066 0.019527
0.496980 0.081573
0.497897 0.180465
0.498815 0.307211
0.499735 0.450439
0.500657 0.597420
0.501580 0.735214
0.502505 0.851802
0.503432 0.937124
0.504360 0.983933
0.505290 0.988381
0.506222 0.950316
0.507155 0.873241
0.508091 0.763973
0.509028 0.632015
0.509966 0.488715
0.510907 0.346280
0.511849 0.216731
0.512793 0.110898
0.513739 0.037524
0.514686 0.002560
0.515635 0.008707
0.516586 0.055233
0.517539 0.138073
0.518493 0.250213
0.519449 0.382298
0.520407 0.523426
0.521367 0.662060
0.522328 0.786969
0.523292 0.888133
0.524257 0.957536
0.525223 0.989783
0.526192 0.982498
0.527162 0.936476
0.528135 0.855580
0.529108 0.746395
0.530084 0.617676
0.531062 0.479629
0.532041 0.343102
0.533022 0.218722
0.534005 0.116077
0.534990 0.042989
0.535977 0.004929
0.536965 0.004628
0.537955 0.041903
0.538947 0.113710
0.539941 0.214407
0.540937 0.336219
0.541934 0.469847
0.542934 0.605192
0.543935 0.732115
0.544938 0.841199
0.545943 0.924437
0.546950 0.975809
0.547959 0.991700
0.548969 0.971136
0.549981 0.915820
0.550996 0.829977
0.552012 0.720010
0.553030 0.594015
0.554050 0.461167
0.555071 0.331054
0.556095 0.212978
0.557121 0.115300
0.558148 0.044852
0.559177 0.006476
0.560208 0.002706
0.561242 0.033619
0.562277 0.096860
0.563313 0.187838
0.564352 0.300075
0.565393 0.425678
0.566436 0.555901
0.567480 0.681763
0.568527 0.794661
0.569575 0.886956
0.570626 0.952480
0.571678 0.986939
0.572732 0.988173
0.573788 0.956282
0.574847 0.893583
0.575907 0.804433
0.576969 0.694910
0.578033 0.572387
0.579099 0.445031
0.580167 0.321252
0.581236 0.209149
0.582308 0.115984
0.583382 0.047720
0.584458 0.008649
0.585536 0.001138
0.586616 0.025497
0.587697 0.079992
0.588781 0.160973
0.589867 0.263137
0.590955 0.379887
0.592045 0.503760
0.593136 0.626915
0.594230 0.741624
0.595326 0.840761
0.596424 0.918233
0.597524 0.969348
0.598626 0.991090
0.599730 0.982278
0.600836 0.943621
0.601944 0.877645
0.603054 0.788521
0.604166 0.681789
0.605280 0.564002
0.606396 0.442321
0.607515 0.324078
0.608635 0.216328
0.609757 0.125441
0.610882 0.056723
0.612008 0.014120
0.613137 0.000004
0.614268 0.015048
0.615400 0.058211
0.616535 0.126824
0.617672 0.216758
0.618811 0.322692
0.619953 0.438424
0.621096 0.557251
0.622241 0.672349
0.623389 0.777172
0.624538 0.865816
0.625690 0.933349
0.626844 0.976074
0.628000 0.991724
0.629158 0.979571
0.630318 0.940445
0.631481 0.876669
0.632645 0.791911
0.633812 0.690965
0.634981 0.579473
0.636152 0.463602
0.637325 0.349704
0.638500 0.243963
0.639678 0.152067
0.640857 0.078903
0.642039 0.028307
0.643223 0.002866
0.644409 0.003804
0.645598 0.030925
0.646788 0.082648
0.647981 0.156107
0.649176 0.247316
0.650373 0.351395
0.651573 0.462835
0.652774 0.575794
0.653978 0.684404
0.655184 0.783077
0.656392 0.866785
0.657603 0.931317
0.658815 0.973478
0.660030 0.991243
0.661248 0.983844
0.662467 0.951794
0.663689 0.896840
0.664913 0.821866
0.666139 0.730731
0.667367 0.628063
0.668598 0.519021
0.669831 0.409032
0.671066 0.303522
0.672304 0.207645
0.673544 0.126039
0.674786 0.062603
0.676030 0.020317
0.677277 0.001111
0.678526 0.005786
0.679777 0.033986
0.681031 0.084233
0.682287 0.154010
0.683545 0.239898
0.684805 0.337743
0.686068 0.442867
0.687333 0.550291
0.688601 0.654974
0.689871 0.752049
0.691143 0.837049
0.692418 0.906103
0.693694 0.956114
0.694974 0.984887
0.696255 0.991223
0.697539 0.974953
0.698826 0.936942
0.700114 0.879030
0.701406 0.803938
0.702699 0.715136
0.703995 0.616677
0.705293 0.513007
0.706594 0.408764
0.707897 0.308569
0.709202 0.216822
0.710510 0.137512
0.711820 0.074044
0.713133 0.029105
0.714448 0.004545
0.715766 0.001318
0.717086 0.019448
0.718408 0.058036
0.719733 0.115317
0.721060 0.188743
0.722390 0.275102
0.723722 0.370661
0.725057 0.471335
0.726394 0.572860
0.727734 0.670974
0.729076 0.761597
0.730420 0.840999
0.731767 0.905949
0.733117 0.953842
0.734469 0.982801
0.735823 0.991742
0.737180 0.980408
0.738539 0.949372
0.739901 0.900002
0.741266 0.834391
0.742633 0.755272
0.744002 0.665893
0.745374 0.569882
0.746749 0.471098
0.748126 0.373478
0.749506 0.280874
0.750888 0.196905
0.752273 0.124821
0.753660 0.067373
0.755050 0.026721
0.756442 0.004350
0.757837 0.001025
0.759235 0.016770
0.760635 0.050876
0.762038 0.101938
0.763443 0.167917
0.764851 0.246227
0.766261 0.333837
0.767674 0.427394
0.769090 0.523353
0.770508 0.618111
0.771929 0.708141
0.773353 0.790125
0.774779 0.861075
0.776208 0.918434
0.777639 0.960169
0.779073 0.984840
0.780510 0.991640
0.781949 0.980419
0.783391 0.951683
0.784836 0.906564
0.786283 0.846774
0.787733 0.774532
0.789186 0.692484
0.790641 0.603600
0.792100 0.511064
0.793560 0.418161
0.795024 0.328160
0.796490 0.244194
0.797959 0.169162
0.799430 0.105623
0.800904 0.055714
0.802381 0.021084
0.803861 0.002839
0.805344 0.001515
0.806829 0.017063
0.808317 0.048864
0.809807 0.095749
0.811301 0.156055
0.812797 0.227678
0.814296 0.308157
0.815797 0.394756
0.817302 0.484561
0.818809 0.574578
0.820319 0.661833
0.821832 0.743471
0.823347 0.816846
0.824866 0.879608
0.826387 0.929771
0.827911 0.965780
0.829438 0.986547
0.830967 0.991489
0.832500 0.980534
0.834035 0.954119
0.835573 0.913170
0.837114 0.859064
0.838658 0.793584
0.840204 0.718853
0.841754 0.637267
0.843306 0.551411
0.844861 0.463984
0.846419 0.377706
0.847980 0.295237
0.849544 0.219095
0.851111 0.151584
0.852680 0.094718
0.854253 0.050172
0.855828 0.019229
0.857406 0.002752
0.858987 0.001156
0.860571 0.014408
0.862159 0.042030
0.863748 0.083121
0.865341 0.136387
0.866937 0.200186
0.868536 0.272579
0.870138 0.351396
0.871742 0.434294
0.873350 0.518836
0.874960 0.602557
0.876574 0.683041
0.878190 0.757985
0.879810 0.825267
0.881432 0.883004
0.883058 0.929603
0.884686 0.963801
0.886318 0.984698
0.887952 0.991778
0.889590 0.984919
0.891230 0.964387
0.892874 0.930832
0.894521 0.885256
0.896170 0.828988
0.897823 0.763638
0.899479 0.691051
0.901137 0.613255
0.902799 0.532400
0.904464 0.450700
0.906132 0.370373
0.907803 0.293577
0.909477 0.222359
0.911154 0.158594
0.912835 0.103943
0.914518 0.059809
0.916204 0.027303
0.917894 0.007220
0.919587 0.000018
0.921283 0.005817
0.922982 0.024393
0.924684 0.055194
0.926389 0.097353
0.928097 0.149721
0.929809 0.210894
0.931524 0.279257
0.933241 0.353025
0.934962 0.430291
0.936687 0.509078
0.938414 0.587389
0.940145 0.663255
0.941878 0.734788
0.943615 0.800227
0.945355 0.857975
0.947099 0.906643
0.948845 0.945080
0.950595 0.972395
0.952348 0.987979
0.954104 0.991517
0.955864 0.982988
0.957627 0.962666
0.959393 0.931105
0.961162 0.889129
0.962934 0.837800
0.964710 0.778396
0.966489 0.712377
0.968272 0.641344
0.970057 0.567004
0.971846 0.491126
0.973638 0.415498
0.975434 0.341887
0.977233 0.271996
0.979035 0.207426
0.980840 0.149641
0.982649 0.099935
0.984461 0.059404
0.986277 0.028925
0.988096 0.009136
0.989918 0.000428
0.991743 0.002937
0.993572 0.016545
0.995405 0.040886
0.997240 0.075356
0.999079 0.119131
1.000922 0.171189
1.002767 0.230332
1.004617 0.295219
1.006469 0.364391
1.008325 0.436314
1.010185 0.509403
1.012048 0.582065
1.013914 0.652731
1.015784 0.719887
1.017657 0.782110
1.019534 0.838096
1.021414 0.886686
1.023298 0.926887
1.025185 0.957895
1.027075 0.979107
1.028969 0.990130
1.030867 0.990790
1.032768 0.981130
1.034673 0.961407
1.036581 0.932086
1.038492 0.893823
1.040407 0.847454
1.042326 0.793973
1.044248 0.734510
1.046174 0.670308
1.048103 0.602691
1.050036 0.533044
1.051973 0.462778
1.053913 0.393303
1.055856 0.326001
1.057803 0.262200
1.059754 0.203143
1.061708 0.149970
1.063666 0.103695
1.065628 0.065185
1.067593 0.035152
1.069562 0.014131
1.071534 0.002481
1.073510 0.000375
1.075490 0.007802
1.077473 0.024566
1.079460 0.050296
1.081451 0.084453
1.083445 0.126344
1.085443 0.175135
1.087445 0.229870
1.089450 0.289490
1.091459 0.352855
1.093472 0.418765
1.095489 0.485984
1.097509 0.553263
1.099533 0.619363
1.101561 0.683078
1.103592 0.743259
1.105627 0.798828
1.107666 0.848802
1.109709 0.892311
1.111755 0.928606
1.113806 0.957075
1.115860 0.977253
1.117917 0.988826
1.119979 0.991636
1.122044 0.985681
1.124113 0.971115
1.126187 0.948240
1.128263 0.917503
1.130344 0.879481
1.132429 0.834874
1.134517 0.784490
1.136609 0.729229
1.138705 0.670066
1.140805 0.608033
1.142909 0.544205
1.145017 0.479673
1.147128 0.415534
1.149244 0.352865
1.151363 0.292711
1.153486 0.236065
1.155613 0.183851
1.157744 0.136911
1.159880 0.095994
1.162019 0.061740
1.164161 0.034676
1.166308 0.015204
1.168459 0.003601
1.170614 0.000012
1.172773 0.004450
1.174935 0.016800
1.177102 0.036820
1.179273 0.064148
1.181448 0.098307
1.183626 0.138718
1.185809 0.184706
1.187996 0.235515
1.190187 0.290321
1.192382 0.348244
1.194581 0.408362
1.196784 0.469729
1.198991 0.531390
1.201202 0.592390
1.203417 0.651795
1.205636 0.708706
1.207859 0.762266
1.210087 0.811681
1.212318 0.856225
1.214554 0.895252
1.216794 0.928207
1.219038 0.954628
1.221286 0.974157
1.223538 0.986542
1.225795 0.991639
1.228055 0.989412
1.230320 0.979935
1.232589 0.963386
1.234862 0.940046
1.237139 0.910291
1.239420 0.874588
1.241706 0.833486
1.243996 0.787604
1.246290 0.737628
1.248588 0.684293
1.250891 0.628376
1.253198 0.570685
1.255509 0.512043
1.257824 0.453282
1.260144 0.395226
1.262468 0.338681
1.264796 0.284426
1.267128 0.233202
1.269465 0.185699
1.271806 0.142550
1.274151 0.104323
1.276501 0.071514
1.278855 0.044539
1.281214 0.023732
1.283576 0.009340
1.285943 0.001523
1.288315 0.000347
1.290691 0.005793
1.293071 0.017752
1.295455 0.036030
1.297844 0.060349
1.300238 0.090356
1.302636 0.125627
1.305038 0.165671
1.307445 0.209941
1.309856 0.257839
1.312271 0.308725
1.314691 0.361927
1.317116 0.416751
1.319545 0.472485
1.321978 0.528415
1.324416 0.583830
1.326858 0.638032
1.329305 0.690345
1.331757 0.740121
1.334213 0.786753
1.336673 0.829677
1.339138 0.868380
1.341608 0.902406
1.344082 0.931361
1.346560 0.954919
1.349044 0.972820
1.351531 0.984878
1.354024 0.990978
1.356521 0.991079
1.359022 0.985212
1.361529 0.973482
1.364040 0.956061
1.366555 0.933187
1.369075 0.905163
1.371600 0.872349
1.374129 0.835157
1.376663 0.794050
1.379202 0.749529
1.381746 0.702134
1.384294 0.652429
1.386847 0.601005
1.389404 0.548463
1.391966 0.495413
1.394533 0.442466
1.397105 0.390226
1.399681 0.339281
1.402263 0.290203
1.404849 0.243534
1.407439 0.199786
1.410035 0.159434
1.412635 0.122907
1.415240 0.090593
1.417850 0.062825
1.420465 0.039885
1.423084 0.021999
1.425709 0.009335
1.428338 0.002002
1.430972 0.000051
1.433611 0.003474
1.436255 0.012203
1.438903 0.026116
1.441557 0.045035
1.444215 0.068731
1.446879 0.096925
1.449547 0.129293
1.452220 0.165472
1.454898 0.205058
1.457581 0.247619
1.460269 0.292693
1.462962 0.339798
1.465660 0.388433
1.468363 0.438089
1.471071 0.488248
1.473783 0.538394
1.476501 0.588014
1.479224 0.636605
1.481952 0.683681
1.484685 0.728774
1.487423 0.771442
1.490166 0.811269
1.492914 0.847873
1.495667 0.880908
1.498425 0.910065
1.501189 0.935078
1.503957 0.955723
1.506731 0.971821
1.509509 0.983240
1.512293 0.989895
1.515082 0.991747
1.517876 0.988805
1.520675 0.981124
1.523479 0.968802
1.526289 0.951985
1.529104 0.930856
1.531923 0.905640
1.534748 0.876598
1.537579 0.844025
1.540414 0.808245
1.543255 0.769612
1.546101 0.728501
1.548952 0.685306
1.551809 0.640440
1.554670 0.594325
1.557537 0.547392
1.560410 0.500074
1.563287 0.452804
1.566170 0.406012
1.569058 0.360119
1.571952 0.315533
1.574851 0.272648
1.577755 0.231837
1.580665 0.193455
1.583580 0.157827
1.586500 0.125255
1.589426 0.096009
1.592357 0.070327
1.595293 0.048415
1.598235 0.030443
1.601183 0.016545
1.604135 0.006820
1.607094 0.001328
1.610057 0.000094
1.613027 0.003104
1.616001 0.010309
1.618981 0.021625
1.621967 0.036934
1.624958 0.056084
1.627955 0.078893
1.630957 0.105150
1.633965 0.134618
1.636978 0.167032
1.639997 0.202109
1.643021 0.239545
1.646051 0.279018
1.649087 0.320194
1.652128 0.362727
1.655174 0.406265
1.658227 0.450448
1.661285 0.494917
1.664348 0.539311
1.667418 0.583277
1.670493 0.626465
1.673573 0.668535
1.676660 0.709161
1.679752 0.748030
1.682849 0.784845
1.685953 0.819329
1.689062 0.851226
1.692177 0.880302
1.695297 0.906346
1.698424 0.929175
1.701556 0.948630
1.704694 0.964581
1.707837 0.976925
1.710987 0.985588
1.714142 0.990524
1.717303 0.991717
1.720470 0.989179
1.723643 0.982949
1.726822 0.973093
1.730006 0.959706
1.733196 0.942906
1.736393 0.922836
1.739595 0.899661
1.742803 0.873570
1.746017 0.844768
1.749237 0.813480
1.752462 0.779947
1.755694 0.744425
1.758932 0.707179
1.762176 0.668486
1.765425 0.628631
1.768681 0.587905
1.771943 0.546602
1.775210 0.505015
1.778484 0.463441
1.781764 0.422171
1.785050 0.381492
1.788342 0.341684
1.791640 0.303018
1.794944 0.265756
1.798254 0.230148
1.801570 0.196428
1.804892 0.164816
1.808221 0.135517
1.811555 0.108717
1.814896 0.084583
1.818243 0.063263
1.821596 0.044886
1.824955 0.029557
1.828321 0.017363
1.831693 0.008367
1.835070 0.002611
1.838455 0.000115
1.841845 0.000877
1.845241 0.004875
1.848644 0.012065
1.852054 0.022382
1.855469 0.035743
1.858891 0.052044
1.862319 0.071165
1.865753 0.092967
1.869194 0.117297
1.872641 0.143986
1.876094 0.172852
1.879554 0.203702
1.883020 0.236329
1.886493 0.270520
1.889972 0.306054
1.893457 0.342701
1.896949 0.380229
1.900447 0.418401
1.903952 0.456979
1.907463 0.495724
1.910980 0.534399
1.914505 0.572768
1.918035 0.610602
1.921572 0.647675
1.925116 0.683768
1.928666 0.718670
1.932223 0.752179
1.935786 0.784103
1.939356 0.814263
1.942932 0.842489
1.946515 0.868627
1.950105 0.892534
1.953701 0.914083
1.957304 0.933162
1.960914 0.949673
1.964530 0.963536
1.968153 0.974686
1.971782 0.983073
1.975419 0.988664
1.979062 0.991444
1.982711 0.991411
1.986368 0.988582
1.990031 0.982988
1.993701 0.974676
1.997377 0.963706
2.001061 0.950155
2.004751 0.934113
2.008448 0.915680
2.012152 0.894973
2.015862 0.872116
2.019580 0.847248
2.023304 0.820515
2.027036 0.792071
2.030774 0.762080
2.034519 0.730712
2.038271 0.698143
2.042030 0.664554
2.045795 0.630130
2.049568 0.595057
2.053348 0.559524
2.057134 0.523723
2.060928 0.487841
2.064729 0.452067
2.068536 0.416586
2.072351 0.381583
2.076173 0.347234
2.080001 0.313713
2.083837 0.281188
2.087680 0.249820
2.091530 0.219762
2.095387 0.191160
2.099251 0.164150
2.103123 0.138860
2.107001 0.115407
2.110887 0.093899
2.114779 0.074432
2.118679 0.057092
2.122586 0.041952
2.126501 0.029076
2.130422 0.018513
2.134351 0.010304
2.138287 0.004475
2.142230 0.001041
2.146181 0.000006
2.150139 0.001361
2.154104 0.005087
2.158076 0.011153
2.162056 0.019517
2.166043 0.030127
2.170038 0.042920
2.174040 0.057823
2.178049 0.074756
2.182065 0.093627
2.186089 0.114338
2.190121 0.136782
2.194160 0.160846
2.198206 0.186410
2.202260 0.213348
2.206321 0.241529
2.210390 0.270818
2.214466 0.301074
2.218550 0.332157
2.222641 0.363921
2.226740 0.396219
2.230847 0.428903
2.234961 0.461826
2.239082 0.494840
2.243211 0.527798
2.247348 0.560555
2.251492 0.592967
2.255645 0.624895
2.259804 0.656202
2.263972 0.686754
2.268147 0.716424
2.272329 0.745089
2.276520 0.772630
2.280718 0.798935
2.284924 0.823900
2.289138 0.847425
2.293359 0.869417
2.297589 0.889794
2.301826 0.908478
2.306070 0.925399
2.310323 0.940497
2.314584 0.953720
2.318852 0.965021
2.323128 0.974367
2.327413 0.981728
2.331705 0.987085
2.336005 0.990428
2.340313 0.991753
2.344628 0.991068
2.348952 0.988385
2.353284 0.983727
2.357624 0.977122
2.361972 0.968609
2.366327 0.958231
2.370691 0.946040
2.375063 0.932095
2.379443 0.916459
2.383831 0.899204
2.388227 0.880405
2.392631 0.860146
2.397044 0.838512
2.401464 0.815594
2.405893 0.791488
2.410329 0.766294
2.414774 0.740113
2.419228 0.713051
2.423689 0.685216
2.428159 0.656716
2.432636 0.627664
2.437123 0.598171
2.441617 0.568350
2.446120 0.538314
2.450631 0.508176
2.455150 0.478048
2.459678 0.448042
2.464214 0.418265
2.468758 0.388828
2.473311 0.359834
2.477872 0.331387
2.482441 0.303586
2.487019 0.276530
2.491606 0.250310
2.496200 0.225015
2.500804 0.200732
2.505416 0.177541
2.510036 0.155518
2.514665 0.134734
2.519302 0.115256
2.523948 0.097144
2.528603 0.080455
2.533266 0.065238
2.537937 0.051537
2.542618 0.039393
2.547307 0.028838
2.552004 0.019900
2.556710 0.012600
2.561425 0.006953
2.566149 0.002971
2.570881 0.000657
2.575622 0.000010
2.580372 0.001023
2.585131 0.003683
2.589898 0.007973
2.594674 0.013869
2.599459 0.021342
2.604253 0.030361
2.609055 0.040885
2.613867 0.052874
2.618687 0.066280
2.623516 0.081051
2.628354 0.097132
2.633202 0.114464
2.638057 0.132986
2.642922 0.152630
2.647796 0.173329
2.652679 0.195010
2.657571 0.217601
2.662472 0.241024
2.667382 0.265202
2.672301 0.290055
2.677229 0.315502
2.682166 0.341461
2.687113 0.367848
2.692068 0.394581
2.697032 0.421574
2.702006 0.448744
2.706989 0.476008
2.711981 0.503282
2.716982 0.530483
2.721993 0.557530
2.727013 0.584343
2.732042 0.610843
2.737080 0.636952
2.742127 0.662595
2.747184 0.687699
2.752250 0.712194
2.757326 0.736009
2.762411 0.759080
2.767505 0.781343
2.772609 0.802738
2.777722 0.823208
2.782844 0.842698
2.787976 0.861160
2.793118 0.878544
2.798268 0.894808
2.803429 0.909912
2.808599 0.923819
2.813778 0.936496
2.818967 0.947916
2.824166 0.958052
2.829374 0.966883
2.834592 0.974393
2.839819 0.980567
2.845056 0.985397
2.850303 0.988875
2.855559 0.991001
2.860825 0.991775
2.866101 0.991203
2.871386 0.989294
2.876681 0.986061
2.881986 0.981520
2.887301 0.975689
2.892626 0.968591
2.897960 0.960254
2.903304 0.950704
2.908659 0.939975
2.914022 0.928100
2.919396 0.915118
2.924780 0.901068
2.930174 0.885993
2.935577 0.869938
2.940991 0.852948
2.946415 0.835074
2.951848 0.816366
2.957292 0.796876
2.962745 0.776658
2.968209 0.755768
2.973683 0.734261
2.979167 0.712196
2.984661 0.689630
2.990165 0.666624
2.995679 0.643235
3.001204 0.619526
3.006738 0.595556
3.012283 0.571385
3.017838 0.547073
3.023403 0.522682
3.028979 0.498271
3.034565 0.473898
3.040161 0.449624
3.045767 0.425505
3.051384 0.401599
3.057011 0.377962
3.062649 0.354648
3.068297 0.331712
3.073955 0.309204
3.079624 0.287176
3.085303 0.265678
3.090993 0.244755
3.096693 0.224454
3.102404 0.204819
3.108125 0.185891
3.113857 0.167710
3.119599 0.150313
3.125352 0.133736
3.131116 0.118013
3.136890 0.103174
3.142675 0.089248
3.148470 0.076261
3.154277 0.064238
3.160094 0.053199
3.165921 0.043164
3.171760 0.034151
3.177609 0.026172
3.183469 0.019241
3.189339 0.013365
3.195221 0.008554
3.201113 0.004811
3.207017 0.002138
3.212931 0.000535
3.218856 0.000000
3.224792 0.000528
3.230739 0.002113
3.236697 0.004744
3.242666 0.008411
3.248646 0.013100
3.254637 0.018795
3.260639 0.025480
3.266652 0.033134
3.272676 0.041736
3.278711 0.051264
3.284757 0.061692
3.290815 0.072994
3.296884 0.085142
3.302964 0.098106
3.309055 0.111855
3.315157 0.126357
3.321271 0.141579
3.327395 0.157486
3.333532 0.174041
3.339679 0.191209
3.345838 0.208952
3.352008 0.227231
3.358190 0.246006
3.364383 0.265239
3.370587 0.284889
3.376803 0.304915
3.383030 0.325276
3.389269 0.345930
3.395519 0.366836
3.401781 0.387951
3.408054 0.409235
3.414339 0.430646
3.420636 0.452141
3.426944 0.473679
3.433264 0.495220
3.439595 0.516723
3.445938 0.538146
3.452293 0.559452
3.458659 0.580600
3.465038 0.601552
3.471428 0.622270
3.477829 0.642717
3.484243 0.662857
3.490668 0.682655
3.497106 0.702076
3.503555 0.721088
3.510016 0.739657
3.516489 0.757753
3.522974 0.775346
3.529470 0.792407
3.535979 0.808908
3.542500 0.824823
3.549033 0.840127
3.555578 0.854797
3.562135 0.868809
3.568704 0.882144
3.575285 0.894781
3.581878 0.906702
3.588484 0.917890
3.595101 0.928331
3.601731 0.938010
3.608373 0.946915
3.615028 0.955034
3.621694 0.962359
3.628373 0.968881
3.635064 0.974594
3.641768 0.979493
3.648484 0.983573
3.655212 0.986833
3.661953 0.989271
3.668706 0.990888
3.675472 0.991686
3.682250 0.991668
3.689040 0.990838
3.695843 0.989203
3.702659 0.986770
3.709487 0.983546
3.716328 0.979542
3.723181 0.974767
3.730047 0.969235
3.736926 0.962959
3.743817 0.955951
3.750722 0.948228
3.757638 0.939805
3.764568 0.930701
3.771510 0.920932
3.778466 0.910518
3.785434 0.899478
3.792414 0.887834
3.799408 0.875606
3.806415 0.862818
3.813434 0.849490
3.820467 0.835648
3.827512 0.821314
3.834571 0.806514
3.841642 0.791272
3.848727 0.775614
3.855824 0.759566
3.862935 0.743153
3.870059 0.726404
3.877196 0.709343
3.884346 0.691999
3.891509 0.674398
3.898685 0.656568
3.905875 0.638536
3.913078 0.620329
3.920294 0.601976
3.927524 0.583504
3.934767 0.564939
3.942023 0.546309
3.949293 0.527642
3.956576 0.508964
3.963872 0.490302
3.971182 0.471682
3.978505 0.453130
3.985842 0.434673
3.993193 0.416335
4.000557 0.398141
4.007934 0.380117
4.015325 0.362285
4.022730 0.344670
4.030149 0.327295
4.037581 0.310183
4.045027 0.293354
4.052486 0.276832
4.059960 0.260635
4.067447 0.244786
4.074948 0.229302
4.082462 0.214203
4.089991 0.199507
4.097533 0.185231
4.105090 0.171393
4.112660 0.158007
4.120244 0.145089
4.127843 0.132653
4.135455 0.120713
4.143081 0.109282
4.150722 0.098372
4.158376 0.087995
4.166045 0.078159
4.173728 0.068877
4.181425 0.060155
4.189136 0.052002
4.196861 0.044426
4.204601 0.037432
4.212354 0.031027
4.220123 0.025215
4.227905 0.020001
4.235702 0.015386
4.243513 0.011375
4.251339 0.007968
4.259179 0.005167
4.267033 0.002971
4.274902 0.001380
4.282786 0.000392
4.290684 0.000006
4.298596 0.000219
4.306524 0.001026
4.314465 0.002424
4.322422 0.004408
4.330393 0.006972
4.338379 0.010109
4.346379 0.013814
4.354395 0.018079
4.362425 0.022895
4.370470 0.028253
4.378529 0.034145
4.386604 0.040561
4.394693 0.047490
4.402798 0.054922
4.410917 0.062845
4.419052 0.071247
4.427201 0.080117
4.435365 0.089441
4.443545 0.099206
4.451739 0.109399
4.459949 0.120006
4.468173 0.131013
4.476413 0.142406
4.484668 0.154169
4.492939 0.166287
4.501224 0.178746
4.509525 0.191529
4.517841 0.204621
4.526173 0.218005
4.534520 0.231666
4.542882 0.245587
4.551260 0.259751
4.559653 0.274142
4.568062 0.288744
4.576486 0.303539
4.584925 0.318510
4.593381 0.333642
4.601851 0.348916
4.610338 0.364316
4.618840 0.379825
4.627358 0.395426
4.635891 0.411103
4.644440 0.426838
4.653005 0.442616
4.661586 0.458419
4.670183 0.474231
4.678795 0.490036
4.687423 0.505819
4.696068 0.521562
4.704728 0.537250
4.713404 0.552868
4.722096 0.568400
4.730804 0.583831
4.739529 0.599147
4.748269 0.614333
4.757025 0.629374
4.765798 0.644256
4.774587 0.658967
4.783392 0.673491
4.792213 0.687816
4.801050 0.701930
4.809904 0.715819
4.818774 0.729471
4.827661 0.742876
4.836564 0.756020
4.845483 0.768893
4.854419 0.781485
4.863371 0.793784
4.872340 0.805782
4.881325 0.817467
4.890327 0.828831
4.899345 0.839866
4.908380 0.850562
4.917432 0.860912
4.926500 0.870908
4.935585 0.880542
4.944687 0.889808
4.953806 0.898700
4.962941 0.907211
4.972094 0.915335
4.981263 0.923068
4.990449 0.930405
4.999652 0.937341
5.008872 0.943873
5.018109 0.949996
5.027363 0.955707
5.036634 0.961004
5.045923 0.965885
5.055228 0.970347
5.064551 0.974388
5.073890 0.978008
5.083247 0.981206
5.092621 0.983981
5.102013 0.986334
5.111422 0.988263
5.120848 0.989771
5.130291 0.990859
5.139752 0.991526
5.149231 0.991777
5.158727 0.991611
5.168240 0.991033
5.177771 0.990044
5.187319 0.988648
5.196886 0.986848
5.206469 0.984648
5.216071 0.982051
5.225690 0.979063
5.235327 0.975688
5.244981 0.971930
5.254654 0.967796
5.264344 0.963289
5.274052 0.958417
5.283778 0.953184
5.293522 0.947598
5.303284 0.941664
5.313064 0.935389
5.322862 0.928780
5.332678 0.921844
5.342513 0.914589
5.352365 0.907021
5.362235 0.899149
5.372124 0.890980
5.382031 0.882522
5.391956 0.873784
5.401900 0.864773
5.411861 0.855498
5.421842 0.845967
5.431840 0.836190
5.441857 0.826175
5.451893 0.815931
5.461947 0.805467
5.472019 0.794791
5.482111 0.783914
5.492220 0.772844
5.502349 0.761590
5.512496 0.750163
5.522662 0.738571
5.532846 0.726823
5.543049 0.714930
5.553272 0.702901
5.563513 0.690744
5.573772 0.678470
5.584051 0.666089
5.594349 0.653609
5.604666 0.641040
5.615001 0.628392
5.625356 0.615673
5.635730 0.602894
5.646123 0.590064
5.656535 0.577192
5.666967 0.564287
5.677417 0.551359
5.687887 0.538416
5.698377 0.525468
5.708885 0.512524
5.719413 0.499592
5.729961 0.486681
5.740527 0.473800
5.751114 0.460958
5.761719 0.448163
5.772345 0.435423
5.782990 0.422747
5.793654 0.410143
5.804339 0.397619
5.815043 0.385183
5.825766 0.372842
5.836510 0.360605
5.847273 0.348478
5.858056 0.336469
5.868859 0.324585
5.879682 0.312833
5.890525 0.301221
5.901388 0.289755
5.912271 0.278441
5.923174 0.267286
5.934097 0.256296
5.945041 0.245477
5.956004 0.234836
5.966988 0.224377
5.977992 0.214107
5.989016 0.204031
6.000061 0.194154
6.011125 0.184481
6.022211 0.175017
6.033317 0.165767
6.044443 0.156735
6.055590 0.147926
6.066757 0.139344
6.077945 0.130993
6.089153 0.122876
6.100383 0.114997
6.111632 0.107360
6.122903 0.099968
6.134195 0.092824
6.145507 0.085931
6.156840 0.079292
6.168194 0.072908
6.179569 0.066783
6.190965 0.060919
6.202382 0.055318
6.213820 0.049980
6.225279 0.044910
6.236759 0.040106
6.248261 0.035572
6.259783 0.031308
6.271327 0.027314
6.282893 0.023593
6.294479 0.020144
6.306087 0.016967
6.317716 0.014064
6.329367 0.011434
6.341039 0.009077
6.352733 0.006994
6.364448 0.005183
6.376185 0.003644
6.387944 0.002377
6.399724 0.001381
6.411526 0.000654
6.423349 0.000196
6.435195 0.000006
6.447062 0.000082
6.458952 0.000422
6.470863 0.001026
6.482796 0.001890
6.494751 0.003014
6.506728 0.004395
6.518728 0.006032
6.530749 0.007921
6.542793 0.010060
6.554858 0.012448
6.566946 0.015081
6.579057 0.017956
6.591189 0.021071
6.603344 0.024423
6.615522 0.028009
6.627722 0.031826
6.639944 0.035870
6.652189 0.040138
6.664457 0.044627
6.676747 0.049333
6.689060 0.054253
6.701395 0.059383
6.713754 0.064719
6.726135 0.070257
6.738538 0.075995
6.750965 0.081926
6.763415 0.088049
6.775888 0.094358
6.788383 0.100850
6.800902 0.107520
6.813444 0.114364
6.826009 0.121378
6.838597 0.128557
6.851208 0.135898
6.863843 0.143395
6.876500 0.151045
6.889182 0.158842
6.901886 0.166782
6.914614 0.174862
6.927366 0.183075
6.940141 0.191418
6.952939 0.199886
6.965761 0.208474
6.978607 0.217178
6.991477 0.225993
7.004370 0.234914
7.017287 0.243937
7.030228 0.253057
7.043192 0.262269
7.056181 0.271569
7.069194 0.280952
7.082230 0.290412
7.095291 0.299947
7.108375 0.309550
7.121484 0.319217
7.134617 0.328944
7.147774 0.338726
7.160956 0.348558
7.174162 0.358435
7.187392 0.368354
7.200646 0.378309
7.213925 0.388296
7.227229 0.398311
7.240557 0.408349
7.253909 0.418406
7.267286 0.428476
7.280688 0.438557
7.294115 0.448642
7.307566 0.458729
7.321042 0.468813
7.334543 0.478890
7.348069 0.488955
7.361620 0.499004
7.375196 0.509034
7.388797 0.519039
7.402423 0.529017
7.416074 0.538963
7.429750 0.548874
7.443451 0.558745
7.457178 0.568572
7.470930 0.578353
7.484708 0.588082
7.498510 0.597757
7.512339 0.607375
7.526192 0.616930
7.540072 0.626421
7.553977 0.635843
7.567907 0.645194
7.581863 0.654469
7.595845 0.663666
7.609853 0.672782
7.623887 0.681813
7.637946 0.690756
7.652032 0.699609
7.666143 0.708368
7.680280 0.717031
7.694444 0.725595
7.708633 0.734057
7.722849 0.742414
7.737091 0.750664
7.751359 0.758805
7.765654 0.766833
7.779975 0.774747
7.794322 0.782544
7.808696 0.790222
7.823096 0.797779
7.837523 0.805213
7.851977 0.812521
7.866457 0.819701
7.880963 0.826752
7.895497 0.833672
7.910057 0.840459
7.924645 0.847112
7.939259 0.853627
7.953900 0.860005
7.968568 0.866244
7.983263 0.872341
7.997985 0.878296
8.012735 0.884108
8.027511 0.889775
8.042315 0.895295
8.057146 0.900668
8.072005 0.905893
8.086890 0.910969
8.101804 0.915895
8.116745 0.920669
8.131713 0.925292
8.146709 0.929761
8.161732 0.934078
8.176784 0.938241
8.191863 0.942249
8.206970 0.946102
8.222105 0.949800
8.237267 0.953341
8.252458 0.956727
8.267677 0.959956
8.282923 0.963029
8.298198 0.965945
8.313501 0.968704
8.328832 0.971306
8.344192 0.973751
8.359580 0.976039
8.374996 0.978171
8.390440 0.980146
8.405914 0.981965
8.421415 0.983627
8.436945 0.985134
8.452504 0.986486
8.468092 0.987683
8.483708 0.988725
8.499353 0.989614
8.515027 0.990349
8.530730 0.990931
8.546462 0.991362
8.562223 0.991641
8.578013 0.991769
8.593832 0.991748
8.609680 0.991577
8.625557 0.991259
8.641464 0.990793
8.657400 0.990181
8.673365 0.989424
8.689360 0.988523
8.705384 0.987478
8.721438 0.986292
8.737522 0.984964
8.753635 0.983497
8.769778 0.981891
8.785951 0.980148
8.802153 0.978269
8.818385 0.976255
8.834648 0.974108
8.850940 0.971828
8.867262 0.969418
8.883615 0.966879
8.899997 0.964212
8.916410 0.961419
8.932853 0.958501
8.949327 0.955460
8.965830 0.952296
8.982365 0.949013
8.998929 0.945611
9.015525 0.942092
9.032150 0.938458
9.048807 0.934710
9.065494 0.930849
9.082212 0.926879
9.098961 0.922800
9.115741 0.918614
9.132551 0.914322
9.149393 0.909928
9.166266 0.905431
9.183169 0.900835
9.200104 0.896140
9.217071 0.891350
9.234068 0.886464
9.251097 0.881486
9.268157 0.876418
9.285249 0.871260
9.302372 0.866015
9.319527 0.860685
9.336714 0.855271
9.353932 0.849776
9.371182 0.844201
9.388463 0.838548
9.405777 0.832820
9.423123 0.827017
9.440500 0.821143
9.457910 0.815198
9.475351 0.809185
9.492825 0.803106
9.510331 0.796962
9.527869 0.790755
9.545440 0.784488
9.563043 0.778162
9.580679 0.771780
9.598347 0.765342
9.616047 0.758851
9.633781 0.752309
9.651547 0.745718
9.669346 0.739079
9.687177 0.732395
9.705042 0.725667
9.722939 0.718898
9.740869 0.712088
9.758833 0.705241
9.776829 0.698357
9.794859 0.691439
9.812922 0.684488
9.831019 0.677507
9.849148 0.670497
9.867312 0.663460
9.885508 0.656398
9.903738 0.649312
9.922002 0.642204
9.940300 0.635077
9.958631 0.627931
9.976996 0.620769
9.995395 0.613593
10.013828 0.606403
10.032295 0.599202
10.050796 0.591992
10.069331 0.584774
10.087900 0.577550
10.106503 0.570321
10.125141 0.563089
10.143813 0.555856
10.162520 0.548624
10.181261 0.541393
10.200036 0.534166
10.218847 0.526944
10.237692 0.519729
10.256571 0.512522
10.275486 0.505325
10.294435 0.498139
10.313419 0.490965
10.332439 0.483807
10.351493 0.476663
10.370583 0.469537
10.389707 0.462430
10.408868 0.455342
10.428063 0.448276
10.447294 0.441232
10.466560 0.434213
10.485862 0.427219
10.505199 0.420251
10.524572 0.413312
10.543981 0.406402
10.563425 0.399523
10.582906 0.392675
10.602422 0.385861
10.621974 0.379080
10.641563 0.372336
10.661187 0.365627
10.680848 0.358957
10.700545 0.352326
10.720278 0.345734
10.740047 0.339184
10.759854 0.332676
10.779696 0.326211
10.799575 0.319791
10.819491 0.313416
10.839444 0.307087
10.859433 0.300805
10.879460 0.294572
10.899523 0.288388
10.919623 0.282254
10.939760 0.276171
10.959935 0.270141
10.980146 0.264163
11.000395 0.258238
11.020681 0.252368
11.041005 0.246554
11.061366 0.240795
11.081765 0.235094
11.102201 0.229450
11.122675 0.223864
11.143187 0.218338
11.163736 0.212871
11.184324 0.207465
11.204949 0.202120
11.225612 0.196836
11.246314 0.191615
11.267054 0.186457
11.287832 0.181363
11.308648 0.176333
11.329503 0.171367
11.350396 0.166467
11.371327 0.161633
11.392298 0.156864
11.413307 0.152163
11.434354 0.147529
11.455441 0.142962
11.476566 0.138464
11.497730 0.134034
11.518934 0.129673
11.540176 0.125381
11.561458 0.121159
11.582779 0.117007
11.604139 0.112925
11.625539 0.108914
11.646978 0.104974
11.668456 0.101105
11.689974 0.097308
11.711532 0.093582
11.733130 0.089928
11.754767 0.086347
11.776445 0.082837
11.798162 0.079401
11.819920 0.076037
11.841717 0.072746
11.863555 0.069528
11.885433 0.066383
11.907351 0.063311
11.929310 0.060313
11.951309 0.057388
11.973349 0.054537
11.995430 0.051759
12.017551 0.049055
12.039713 0.046425
12.061916 0.043868
12.084159 0.041385
12.106444 0.038976
12.128770 0.036640
12.151137 0.034378
12.173546 0.032189
12.195995 0.030074
12.218486 0.028032
12.241019 0.026064
12.263593 0.024169
12.286209 0.022347
12.308866 0.020598
12.331565 0.018921
12.354306 0.017318
12.377089 0.015787
12.399914 0.014328
12.422781 0.012942
12.445691 0.011627
12.468642 0.010385
12.491636 0.009214
12.514672 0.008114
12.537751 0.007085
12.560872 0.006128
12.584036 0.005241
12.607243 0.004424
12.630492 0.003678
12.653785 0.003001
12.677120 0.002394
12.700498 0.001857
12.723920 0.001388
12.747384 0.000988
12.770892 0.000656
12.794444 0.000393
12.818038 0.000197
12.841676 0.000068
12.865358 0.000006
12.889084 0.000011
12.912853 0.000082
12.936666 0.000219
12.960523 0.000421
12.984424 0.000689
13.008369 0.001021
13.032358 0.001418
13.056392 0.001878
13.080469 0.002402
13.104591 0.002989
13.128758 0.003639
13.152969 0.004350
13.177225 0.005124
13.201526 0.005959
13.225871 0.006855
13.250261 0.007811
13.274697 0.008827
13.299177 0.009902
13.323702 0.011037
13.348273 0.012230
13.372889 0.013481
13.397551 0.014790
13.422257 0.016155
13.447010 0.017578
13.471808 0.019056
13.496652 0.020590
13.521541 0.022179
13.546477 0.023823
13.571459 0.025521
13.596486 0.027272
13.621560 0.029077
13.646680 0.030934
13.671846 0.032843
13.697059 0.034803
13.722318 0.036814
13.747624 0.038876
13.772976 0.040988
13.798376 0.043149
13.823822 0.045358
13.849315 0.047616
13.874855 0.049922
13.900442 0.052275
13.926076 0.054675
13.951758 0.057120
13.977487 0.059611
14.003263 0.062147
14.029087 0.064728
14.054958 0.067352
14.080878 0.070020
14.106845 0.072731
14.132860 0.075483
14.158923 0.078278
14.185034 0.081113
14.211193 0.083989
14.237400 0.086905
14.263656 0.089861
14.289960 0.092855
14.316312 0.095887
14.342714 0.098958
14.369163 0.102065
14.395662 0.105209
14.422210 0.108389
14.448806 0.111605
14.475452 0.114855
14.502146 0.118140
14.528890 0.121459
14.555684 0.124811
14.582526 0.128196
14.609418 0.131613
14.636360 0.135061
14.663352 0.138541
14.690393 0.142051
14.717484 0.145590
14.744625 0.149160
14.771816 0.152758
14.799057 0.156384
14.826349 0.160038
14.853690 0.163720
14.881083 0.167428
14.908525 0.171162
14.936019 0.174921
14.963563 0.178706
14.991158 0.182515
15.018803 0.186348
15.046500 0.190205
15.074248 0.194084
15.102047 0.197986
15.129897 0.201909
15.157798 0.205854
15.185751 0.209819
15.213756 0.213805
15.241812 0.217810
15.269920 0.221835
15.298080 0.225878
15.326292 0.229940
15.354555 0.234019
15.382871 0.238115
15.411239 0.242228
15.439660 0.246357
15.468133 0.250502
15.496658 0.254662
15.525236 0.258836
15.553867 0.263025
15.582550 0.267227
15.611286 0.271443
15.640076 0.275671
15.668918 0.279911
15.697814 0.284163
15.726762 0.288426
15.755765 0.292700
15.784821 0.296985
15.813930 0.301279
15.843093 0.305583
15.872310 0.309895
15.901580 0.314216
15.930905 0.318545
15.960284 0.322881
15.989717 0.327225
16.019204 0.331575
16.048745 0.335931
16.078341 0.340293
16.107992 0.344661
16.137697 0.349033
16.167458 0.353410
16.197272 0.357791
16.227142 0.362176
16.257067 0.366563
16.287048 0.370954
16.317083 0.375347
16.347174 0.379742
16.377321 0.384138
16.407523 0.388535
16.437780 0.392934
16.468094 0.397332
16.498463 0.401731
16.528888 0.406129
16.559370 0.410527
16.589908 0.414923
16.620502 0.419318
16.651152 0.423710
16.681859 0.428101
16.712623 0.432488
16.743443 0.436873
16.774320 0.441254
16.805254 0.445632
16.836245 0.450005
16.867294 0.454374
16.898399 0.458739
16.929562 0.463098
16.960783 0.467451
16.992061 0.471799
17.023396 0.476141
17.054790 0.480476
17.086241 0.484804
17.117750 0.489125
17.149318 0.493439
17.180943 0.497745
17.212627 0.502043
17.244370 0.506332
17.276171 0.510613
17.308030 0.514885
17.339949 0.519148
17.371926 0.523401
17.403962 0.527644
17.436057 0.531877
17.468212 0.536100
17.500426 0.540312
17.532699 0.544513
17.565031 0.548702
17.597424 0.552881
17.629876 0.557047
17.662388 0.561201
17.694959 0.565344
17.727591 0.569473
17.760283 0.573590
17.793036 0.577694
17.825848 0.581784
17.858722 0.585861
17.891656 0.589924
17.924650 0.593973
17.957706 0.598008
17.990822 0.602029
18.024000 0.606034
18.057238 0.610025
18.090538 0.614001
18.123900 0.617962
18.157323 0.621906
18.190807 0.625836
18.224353 0.629749
18.257962 0.633646
18.291632 0.637527
18.325364 0.641391
18.359158 0.645238
18.393015 0.649069
18.426934 0.652882
18.460916 0.656678
18.494961 0.660457
18.529068 0.664218
18.563238 0.667961
18.597471 0.671687
18.631767 0.675394
18.666127 0.679083
18.700550 0.682753
18.735036 0.686405
18.769586 0.690038
18.804200 0.693652
18.838877 0.697247
18.873618 0.700823
18.908424 0.704379
18.943294 0.707916
18.978228 0.711433
19.013226 0.714931
19.048289 0.718408
19.083417 0.721866
19.118609 0.725304
19.153866 0.728721
19.189189 0.732118
19.224576 0.735494
19.260029 0.738850
19.295547 0.742185
19.331130 0.745499
19.366780 0.748793
19.402495 0.752065
19.438275 0.755316
19.474122 0.758546
19.510035 0.761755
19.546014 0.764942
19.582060 0.768108
19.618172 0.771252
19.654350 0.774374
19.690596 0.777475
19.726908 0.780554
19.763287 0.783611
19.799733 0.786646
19.836246 0.789659
19.872827 0.792650
19.909475 0.795619
19.946191 0.798565
19.982974 0.801489
20.019826 0.804391
20.056745 0.807270
20.093732 0.810127
20.130788 0.812961
20.167912 0.815773
20.205104 0.818562
20.242365 0.821329
20.279695 0.824072
20.317093 0.826793
20.354561 0.829491
20.392097 0.832167
20.429703 0.834819
20.467378 0.837449
20.505123 0.840055
20.542937 0.842639
20.580821 0.845199
20.618775 0.847737
20.656798 0.850252
20.694892 0.852743
20.733057 0.855211
20.771291 0.857657
20.809596 0.860079
20.847972 0.862478
20.886418 0.864854
20.924936 0.867207
20.963524 0.869536
21.002184 0.871843
21.040915 0.874126
21.079717 0.876386
21.118591 0.878623
21.157536 0.880837
21.196554 0.883028
21.235643 0.885195
21.274804 0.887340
21.314038 0.889461
21.353344 0.891559
21.392722 0.893634
21.432173 0.895686
21.471697 0.897715
21.511294 0.899720
21.550964 0.901703
21.590706 0.903662
21.630523 0.905599
21.670412 0.907513
21.710375 0.909403
21.750412 0.911271
21.790523 0.913115
21.830708 0.914937
21.870966 0.916736
21.911299 0.918512
21.951707 0.920265
21.992189 0.921996
22.032745 0.923704
22.073377 0.925389
22.114083 0.927051
22.154864 0.928691
22.195721 0.930308
22.236653 0.931903
22.277660 0.933475
22.318743 0.935024
22.359902 0.936552
22.401137 0.938056
22.442447 0.939539
22.483834 0.940999
22.525297 0.942437
22.566837 0.943853
22.608453 0.945247
22.650146 0.946618
22.691916 0.947968
22.733763 0.949296
22.775687 0.950601
22.817689 0.951885
22.859768 0.953147
22.901924 0.954387
22.944159 0.955606
22.986471 0.956803
23.028861 0.957979
23.071329 0.959132
23.113876 0.960265
23.156501 0.961376
23.199205 0.962466
23.241987 0.963534
23.284848 0.964582
23.327789 0.965608
23.370808 0.966613
23.413907 0.967597
23.457086 0.968561
23.500344 0.969503
23.543682 0.970425
23.587099 0.971326
23.630597 0.972206
23.674175 0.973066
23.717833 0.973905
23.761572 0.974724
23.805392 0.975523
23.849292 0.976301
23.893274 0.977059
23.937336 0.977798
23.981480 0.978516
24.025705 0.979214
24.070011 0.979892
24.114400 0.980550
24.158870 0.981189
24.203422 0.981808
24.248057 0.982408
24.292773 0.982988
24.337572 0.983548
24.382454 0.984090
24.427419 0.984612
24.472466 0.985115
24.517597 0.985599
24.562810 0.986064
24.608108 0.986510
24.653488 0.986937
24.698953 0.987346
24.744501 0.987736
24.790133 0.988107
24.835849 0.988460
24.881650 0.988795
24.927535 0.989111
24.973505 0.989409
25.019559 0.989689
25.065699 0.989951
25.111923 0.990195
25.158233 0.990421
25.204628 0.990629
25.251109 0.990820
25.297675 0.990993
25.344328 0.991149
25.391066 0.991287
25.437891 0.991408
25.484802 0.991512
25.531799 0.991598
25.578883 0.991668
25.626054 0.991721
25.673312 0.991756
25.720657 0.991775
25.768089 0.991778
25.815609 0.991763
25.863217 0.991733
25.910912 0.991685
25.958695 0.991622
26.006566 0.991542
26.054526 0.991446
26.102574 0.991335
26.150711 0.991207
26.198936 0.991063
26.247251 0.990904
26.295654 0.990729
26.344147 0.990538
26.392729 0.990332
26.441401 0.990111
26.490162 0.989874
26.539014 0.989622
26.587955 0.989355
26.636987 0.989074
26.686109 0.988777
26.735322 0.988465
26.784625 0.988139
26.834020 0.987797
26.883505 0.987442
26.933082 0.987072
26.982750 0.986687
27.032510 0.986289
27.082362 0.985876
27.132305 0.985449
27.182341 0.985008
27.232469 0.984554
27.282689 0.984085
27.333002 0.983603
27.383408 0.983107
27.433907 0.982598
27.484499 0.982075
27.535184 0.981539
27.585962 0.980990
27.636834 0.980427
27.687801 0.979852
27.738861 0.979264
27.790015 0.978662
27.841263 0.978048
27.892606 0.977421
27.944044 0.976782
27.995577 0.976130
28.047204 0.975466
28.098927 0.974790
28.150745 0.974101
28.202659 0.973400
28.254669 0.972687
28.306774 0.971962
28.358976 0.971226
28.411273 0.970477
28.463668 0.969717
28.516158 0.968945
28.568746 0.968162
28.621431 0.967368
28.674212 0.966562
28.727092 0.965745
28.780068 0.964916
28.833143 0.964077
28.886315 0.963227
28.939585 0.962366
28.992953 0.961494
29.046420 0.960611
29.099986 0.959718
29.153650 0.958814
29.207413 0.957900
29.261276 0.956976
29.315238 0.956041
29.369299 0.955096
29.423460 0.954141
29.477721 0.953176
29.532082 0.952201
29.586543 0.951217
29.641104 0.950222
29.695766 0.949218
29.750529 0.948205
29.805393 0.947181
29.860359 0.946149
29.915425 0.945107
29.970593 0.944056
30.025863 0.942996
30.081235 0.941927
30.136709 0.940849
30.192285 0.939762
30.247963 0.938666
30.303745 0.937561
30.359629 0.936448
30.415616 0.935326
30.471707 0.934196
30.527901 0.933057
30.584198 0.931910
30.640600 0.930755
30.697105 0.929591
30.753715 0.928420
30.810429 0.927240
30.867247 0.926053
30.924171 0.924858
30.981199 0.923655
31.038332 0.922444
31.095571 0.921226
31.152916 0.920000
31.210366 0.918767
31.267922 0.917526
31.325584 0.916279
31.383353 0.915024
31.441228 0.913761
31.499210 0.912492
31.557299 0.911216
31.615495 0.909933
31.673798 0.908643
31.732209 0.907346
31.790727 0.906042
31.849353 0.904732
31.908088 0.903416
31.966931 0.902093
32.025882 0.900763
32.084942 0.899428
32.144111 0.898086
32.203389 0.896738
32.262777 0.895383
32.322273 0.894023
32.381880 0.892657
32.441597 0.891285
32.501423 0.889907
32.561360 0.888523
32.621408 0.887134
32.681566 0.885739
32.741835 0.884338
32.802216 0.882932
32.862707 0.881521
32.923311 0.880104
32.984026 0.878683
33.044853 0.877255
33.105792 0.875823
33.166843 0.874386
33.228008 0.872944
33.289285 0.871496
33.350674 0.870044
33.412178 0.868587
33.473794 0.867126
33.535524 0.865660
33.597368 0.864189
33.659326 0.862713
33.721399 0.861233
33.783586 0.859749
33.845887 0.858261
33.908303 0.856768
33.970835 0.855271
34.033482 0.853769
34.096244 0.852264
34.159122 0.850754
34.222116 0.849241
34.285226 0.847724
34.348453 0.846203
34.411796 0.844678
34.475256 0.843149
34.538833 0.841617
34.602527 0.840081
34.666339 0.838541
34.730269 0.836998
34.794316 0.835452
34.858481 0.833902
34.922765 0.832349
34.987167 0.830793
35.051688 0.829233
35.116328 0.827670
35.181088 0.826104
35.245966 0.824536
35.310965 0.822964
35.376083 0.821389
35.441321 0.819811
35.506680 0.818231
35.572159 0.816648
35.637759 0.815062
35.703479 0.813473
35.769321 0.811882
35.835285 0.810288
35.901370 0.808692
35.967577 0.807093
36.033906 0.805492
36.100357 0.803888
36.166931 0.802283
36.233628 0.800675
36.300448 0.799064
36.367391 0.797452
36.434457 0.795838
36.501647 0.794221
36.568961 0.792603
36.636399 0.790982
36.703962 0.789360
36.771649 0.787736
36.839461 0.786110
36.907398 0.784482
36.975460 0.782853
37.043647 0.781222
37.111961 0.779589
37.180400 0.777955
37.248966 0.776319
37.317658 0.774681
37.386477 0.773043
37.455423 0.771403
37.524496 0.769761
37.593696 0.768119
37.663024 0.766475
37.732479 0.764829
37.802063 0.763183
37.871775 0.761536
37.941616 0.759887
38.011585 0.758238
38.081684 0.756587
38.151912 0.754935
38.222269 0.753283
38.292756 0.751630
38.363373 0.749976
38.434120 0.748321
38.504998 0.746665
38.576006 0.745009
38.647146 0.743352
38.718416 0.741694
38.789818 0.740036
38.861352 0.738377
38.933017 0.736718
39.004815 0.735058
39.076745 0.733398
39.148808 0.731737
39.221004 0.730076
39.293333 0.728415
39.365795 0.726753
39.438391 0.725091
39.511120 0.723429
39.583984 0.721767
39.656982 0.720105
39.730115 0.718442
39.803383 0.716780
39.876786 0.715117
39.950324 0.713455
40.023998 0.711792
40.097807 0.710130
40.171753 0.708467
40.245835 0.706805
40.320054 0.705143
40.394410 0.703481
40.468902 0.701820
40.543532 0.700158
40.618300 0.698497
40.693206 0.696837
40.768250 0.695176
40.843432 0.693516
40.918752 0.691857
40.994212 0.690198
41.069811 0.688539
41.145549 0.686881
41.221427 0.685223
41.297445 0.683567
41.373603 0.681910
41.449902 0.680255
41.526341 0.678600
41.602921 0.676945
41.679642 0.675292
41.756505 0.673639
41.833510 0.671987
41.910657 0.670335
41.987946 0.668685
42.065377 0.667035
42.142951 0.665387
42.220668 0.663739
42.298529 0.662092
42.376533 0.660446
42.454681 0.658801
42.532973 0.657158
42.611410 0.655515
42.689991 0.653873
42.768717 0.652232
42.847589 0.650593
42.926605 0.648955
43.005768 0.647317
43.085076 0.645681
43.164531 0.644047
43.244132 0.642413
43.323880 0.640781
43.403775 0.639150
43.483818 0.637520
43.564008 0.635892
43.644346 0.634265
43.724832 0.632639
43.805466 0.631015
43.886249 0.629393
43.967181 0.627771
44.048263 0.626151
44.129494 0.624533
44.210875 0.622916
44.292405 0.621301
44.374087 0.619687
44.455918 0.618075
44.537901 0.616465
44.620035 0.614856
44.702320 0.613248
44.784757 0.611643
44.867347 0.610039
44.950088 0.608437
45.032982 0.606836
45.116029 0.605237
45.199229 0.603640
45.282582 0.602045
45.366090 0.600451
45.449751 0.598860
45.533566 0.597270
45.617536 0.595682
45.701661 0.594095
45.785941 0.592511
45.870377 0.590929
45.954968 0.589348
46.039715 0.587770
46.124618 0.586193
46.209678 0.584618
46.294895 0.583045
46.380269 0.581475
46.465801 0.579906
46.551490 0.578339
46.637337 0.576775
46.723343 0.575212
46.809507 0.573652
46.895830 0.572093
46.982312 0.570537
47.068954 0.568983
47.155755 0.567431
47.242717 0.565881
47.329839 0.564333
47.417122 0.562787
47.504565 0.561244
47.592170 0.559702
47.679936 0.558163
47.767865 0.556627
47.855955 0.555092
47.944208 0.553560
48.032623 0.552030
48.121202 0.550502
48.209944 0.548976
48.298850 0.547453
48.387919 0.545932
48.477153 0.544414
48.566552 0.542898
48.656115 0.541384
48.745843 0.539872
48.835737 0.538363
48.925797 0.536856
49.016023 0.535352
49.106415 0.533850
49.196974 0.532351
49.287699 0.530853
49.378593 0.529359
49.469653 0.527867
49.560882 0.526377
49.652279 0.524890
49.743845 0.523405
49.835579 0.521922
49.927482 0.520443
50.019555 0.518965
50.111798 0.517490
50.204211 0.516018
50.296795 0.514548
50.389549 0.513081
50.482474 0.511616
50.575570 0.510154
50.668838 0.508695
50.762279 0.507238
50.855891 0.505783
50.949676 0.504332
51.043634 0.502882
51.137766 0.501436
51.232071 0.499992
51.326549 0.498551
51.421202 0.497112
51.516030 0.495676
51.611033 0.494242
51.706210 0.492812
51.801564 0.491383
51.897093 0.489958
51.992798 0.488535
52.088680 0.487115
52.184738 0.485698
52.280974 0.484283
52.377387 0.482871
52.473978 0.481462
52.570747 0.480055
52.667695 0.478651
52.764821 0.477250
52.862126 0.475851
52.959611 0.474456
53.057276 0.473063
53.155121 0.471673
53.253146 0.470285
53.351352 0.468900
53.449739 0.467518
53.548308 0.466139
53.647058 0.464763
53.745990 0.463389
53.845105 0.462018
53.944403 0.460650
54.043884 0.459285
54.143548 0.457922
54.243396 0.456563
54.343428 0.455206
54.443644 0.453851
54.544046 0.452500
54.644632 0.451152
54.745405 0.449806
54.846362 0.448463
54.947507 0.447123
55.048837 0.445786
55.150355 0.444451
55.252059 0.443120
55.353952 0.441791
55.456032 0.440465
55.558300 0.439142
55.660757 0.437822
55.763403 0.436505
55.866238 0.435190
55.969263 0.433878
56.072478 0.432570
56.175883 0.431264
56.279479 0.429961
56.383266 0.428660
56.487245 0.427363
56.591415 0.426069
56.695777 0.424777
56.800331 0.423488
56.905079 0.422202
57.010020 0.420919
57.115154 0.419639
57.220482 0.418362
57.326004 0.417087
57.431721 0.415816
57.537633 0.414547
57.643740 0.413281
57.750043 0.412019
57.856542 0.410759
57.963237 0.409501
58.070129 0.408247
58.177218 0.406996
58.284505 0.405747
58.391989 0.404502
58.499672 0.403259
58.607553 0.402019
58.715633 0.400783
58.823913 0.399548
58.932392 0.398317
59.041072 0.397089
59.149951 0.395864
59.259032 0.394641
59.368313 0.393422
59.477797 0.392205
59.587482 0.390991
59.697369 0.389780
59.807459 0.388572
59.917752 0.387367
60.028248 0.386165
60.138949 0.384966
60.249853 0.383769
60.360962 0.382576
60.472276 0.381385
60.583795 0.380197
60.695519 0.379012
60.807450 0.377830
60.919587 0.376651
61.031931 0.375475
61.144482 0.374302
61.257241 0.373131
61.370207 0.371963
61.483382 0.370799
61.596766 0.369637
61.710359 0.368478
61.824161 0.367322
61.938173 0.366169
62.052395 0.365018
62.166828 0.363871
62.281472 0.362726
62.396328 0.361584
62.511395 0.360446
62.626675 0.359310
62.742167 0.358176
62.857872 0.357046
62.973790 0.355919
63.089922 0.354794
63.206269 0.353673
63.322829 0.352554
63.439605 0.351438
63.556596 0.350325
63.673803 0.349214
63.791226 0.348107
63.908866 0.347002
64.026723 0.345900
64.144797 0.344802
64.263088 0.343706
64.381598 0.342612
64.500326 0.341522
64.619274 0.340434
64.738440 0.339350
64.857827 0.338268
64.977433 0.337188
65.097261 0.336112
65.217309 0.335039
65.337578 0.333968
65.458069 0.332900
65.578783 0.331835
65.699719 0.330773
65.820878 0.329714
65.942261 0.328657
66.063867 0.327603
66.185698 0.326552
66.307753 0.325504
66.430034 0.324459
66.552540 0.323416
66.675272 0.322376
66.798230 0.321339
66.921415 0.320305
67.044827 0.319273
67.168466 0.318244
67.292334 0.317218
67.416430 0.316195
67.540755 0.315175
67.665310 0.314157
67.790094 0.313142
67.915108 0.312130
68.040352 0.311120
68.165828 0.310114
68.291535 0.309110
68.417474 0.308108
68.543645 0.307110
68.670048 0.306114
68.796685 0.305121
68.923556 0.304131
69.050660 0.303143
69.177999 0.302158
69.305572 0.301176
69.433381 0.300197
69.561426 0.299220
69.689706 0.298246
69.818223 0.297274
69.946978 0.296306
70.075969 0.295340
70.205199 0.294376
70.334667 0.293416
70.464373 0.292458
70.594319 0.291502
70.724505 0.290550
70.854930 0.289600
70.985596 0.288653
71.116503 0.287708
71.247652 0.286766
71.379042 0.285827
71.510674 0.284890
71.642550 0.283956
71.774668 0.283025
71.907030 0.282096
72.039637 0.281170
72.172488 0.280246
72.305583 0.279325
72.438925 0.278407
72.572512 0.277491
72.706345 0.276578
72.840426 0.275668
72.974753 0.274760
73.109328 0.273855
73.244152 0.272952
73.379224 0.272052
73.514545 0.271154
73.650116 0.270259
73.785937 0.269367
73.922008 0.268477
74.058330 0.267590
74.194904 0.266705
74.331729 0.265823
74.468807 0.264943
74.606137 0.264066
74.743721 0.263192
74.881559 0.262320
75.019650 0.261450
75.157997 0.260583
75.296598 0.259719
75.435455 0.258857
75.574568 0.257998
75.713938 0.257141
75.853565 0.256287
75.993449 0.255435
76.133591 0.254585
76.273992 0.253738
76.414651 0.252894
76.555570 0.252052
76.696749 0.251213
76.838188 0.250376
76.979888 0.249541
77.121849 0.248709
77.264072 0.247879
77.406558 0.247052
77.549306 0.246227
77.692317 0.245405
77.835592 0.244585
77.979132 0.243768
78.122936 0.242953
78.267005 0.242140
78.411340 0.241330
78.555941 0.240522
78.700809 0.239717
78.845944 0.238914
78.991346 0.238114
79.137017 0.237315
79.282956 0.236520
79.429165 0.235726
79.575643 0.234935
79.722391 0.234147
79.869410 0.233360
80.016700 0.232576
80.164262 0.231795
80.312095 0.231016
80.460202 0.230239
80.608581 0.229464
80.757234 0.228692
80.906161 0.227922
81.055363 0.227155
81.204840 0.226390
81.354593 0.225627
81.504622 0.224866
81.654927 0.224108
81.805510 0.223352
81.956370 0.222598
82.107509 0.221847
82.258926 0.221098
82.410623 0.220351
82.562599 0.219606
82.714856 0.218864
82.867393 0.218124
83.020212 0.217386
83.173312 0.216651
83.326695 0.215917
83.480361 0.215186
83.634310 0.214458
83.788543 0.213731
83.943060 0.213007
84.097862 0.212285
84.252950 0.211565
84.408324 0.210847
84.563984 0.210132
84.719932 0.209419
84.876167 0.208707
85.032690 0.207999
85.189502 0.207292
85.346602 0.206588
85.503993 0.205885
85.661674 0.205185
85.819646 0.204487
85.977909 0.203791
86.136464 0.203098
86.295311 0.202406
86.454451 0.201717
86.613885 0.201030
86.773612 0.200345
86.933635 0.199662
87.093952 0.198981
87.254565 0.198302
87.415474 0.197626
87.576680 0.196951
87.738183 0.196279
87.899984 0.195609
88.062084 0.194941
88.224482 0.194275
88.387180 0.193611
88.550178 0.192949
88.713476 0.192289
88.877076 0.191631
89.040977 0.190976
89.205181 0.190322
89.369687 0.189670
89.534497 0.189021
89.699611 0.188373
89.865029 0.187728
90.030752 0.187085
90.196781 0.186443
90.363116 0.185804
90.529758 0.185167
90.696707 0.184531
90.863964 0.183898
91.031529 0.183267
91.199404 0.182638
91.367588 0.182010
91.536082 0.181385
91.704887 0.180762
91.874003 0.180140
92.043431 0.179521
92.213171 0.178904
92.383225 0.178288
92.553592 0.177675
92.724273 0.177063
92.895269 0.176454
93.066581 0.175846
93.238208 0.175240
93.410152 0.174637
93.582413 0.174035
93.754992 0.173435
93.927888 0.172837
94.101104 0.172241
94.274639 0.171647
94.448494 0.171055
94.622670 0.170464
94.797167 0.169876
94.971986 0.169289
95.147127 0.168704
95.322591 0.168122
95.498379 0.167541
95.674491 0.166962
95.850927 0.166384
96.027689 0.165809
96.204777 0.165236
96.382192 0.164664
96.559934 0.164094
96.738003 0.163526
96.916401 0.162960
97.095128 0.162396
97.274185 0.161833
97.453571 0.161273
97.633289 0.160714
97.813338 0.160157
97.993719 0.159602
98.174433 0.159048
98.355479 0.158497
98.536860 0.157947
98.718575 0.157399
98.900626 0.156852
99.083012 0.156308
99.265734 0.155765
99.448794 0.155224
99.632191 0.154685
99.815926 0.154148
100.000000 0.153612
